transfer	n_species	sample	well	strep_conc	replicate	OD
1	3	3_p01_A01	A1	0	1	0.956
1	3	3_p01_B01	B1	0	1	0.924
1	3	3_p01_C01	C1	0	1	0.751
1	3	3_p01_D01	D1	0	1	0.736
1	3	3_p01_E01	E1	0	1	0.963
1	3	3_p01_F01	F1	0	1	1.041
1	3	3_p01_G01	G1	0	1	0.934
1	3	3_p01_H01	H1	0	1	0.866
1	3	3_p01_A02	A2	0	1	0.955
1	3	3_p01_B02	B2	0	1	0.962
1	3	3_p01_C02	C2	0	1	1.335
1	3	3_p01_D02	D2	0	1	1.151
1	3	3_p01_E02	E2	0	1	0.908
1	3	3_p01_F02	F2	0	1	0.889
1	3	3_p01_G02	G2	0	1	0.917
1	3	3_p01_H02	H2	0	1	0.774
1	3	3_p01_A03	A3	0	1	0.933
1	3	3_p01_B03	B3	0	1	0.954
1	3	3_p01_C03	C3	0	1	0.540
1	3	3_p01_D03	D3	0	1	0.706
1	3	3_p01_E03	E3	0	1	1.004
1	3	3_p01_F03	F3	0	1	1.021
1	3	3_p01_G03	G3	0	1	1.093
1	3	3_p01_H03	H3	0	1	1.215
1	3	3_p01_A04	A4	0	1	0.988
1	3	3_p01_B04	B4	0	1	0.848
1	3	3_p01_C04	C4	0	1	1.101
1	3	3_p01_D04	D4	0	1	0.906
1	3	3_p01_E04	E4	0	1	0.873
1	3	3_p01_F04	F4	0	1	0.822
1	3	3_p01_G04	G4	0	1	0.874
1	3	3_p01_H04	H4	0	1	0.887
1	3	3_p01_A05	A5	0	1	0.999
1	3	3_p01_B05	B5	0	1	0.968
1	3	3_p01_C05	C5	0	1	0.725
1	3	3_p01_D05	D5	0	1	0.699
1	3	3_p01_E05	E5	0	1	0.971
1	3	3_p01_F05	F5	0	1	1.165
1	3	3_p01_G05	G5	0	1	0.960
1	3	3_p01_H05	H5	0	1	1.093
1	3	3_p01_A06	A6	0	1	0.967
1	3	3_p01_B06	B6	0	1	0.929
1	3	3_p01_C06	C6	0	1	0.609
1	3	3_p01_D06	D6	0	1	0.669
1	3	3_p01_E06	E6	0	1	1.005
1	3	3_p01_F06	F6	0	1	1.181
1	3	3_p01_G06	G6	0	1	0.954
1	3	3_p01_H06	H6	0	1	0.734
1	3	3_p01_A07	A7	0	1	0.952
1	3	3_p01_B07	B7	0	1	0.998
1	3	3_p01_C07	C7	0	1	0.586
1	3	3_p01_D07	D7	0	1	0.583
1	3	3_p01_E07	E7	0	1	0.782
1	3	3_p01_F07	F7	0	1	0.707
1	3	3_p01_G07	G7	0	1	0.944
1	3	3_p01_H07	H7	0	1	0.944
1	3	3_p01_A08	A8	0	1	0.946
1	3	3_p01_B08	B8	0	1	0.911
1	3	3_p01_C08	C8	0	1	0.626
1	3	3_p01_D08	D8	0	1	0.764
1	3	3_p01_E08	E8	0	1	0.946
1	3	3_p01_F08	F8	0	1	0.754
1	3	3_p01_G08	G8	0	1	0.791
1	3	3_p01_H08	H8	0	1	1.014
1	3	3_p01_A09	A9	0	1	0.930
1	3	3_p01_B09	B9	0	1	1.026
1	3	3_p01_C09	C9	0	1	0.983
1	3	3_p01_D09	D9	0	1	1.004
1	3	3_p01_E09	E9	0	1	0.736
1	3	3_p01_F09	F9	0	1	0.689
1	3	3_p01_G09	G9	0	1	0.958
1	3	3_p01_H09	H9	0	1	0.646
1	3	3_p01_A10	A10	0	1	0.925
1	3	3_p01_B10	B10	0	1	0.786
1	3	3_p01_C10	C10	0	1	0.941
1	3	3_p01_D10	D10	0	1	0.863
1	3	3_p01_E10	E10	0	1	1.011
1	3	3_p01_F10	F10	0	1	0.707
1	3	3_p01_G10	G10	0	1	0.893
1	3	3_p01_H10	H10	0	1	0.685
1	3	3_p01_A11	A11	0	1	0.984
1	3	3_p01_B11	B11	0	1	0.997
1	3	3_p01_C11	C11	0	1	1.032
1	3	3_p01_D11	D11	0	1	0.952
1	3	3_p01_E11	E11	0	1	0.991
1	3	3_p01_F11	F11	0	1	0.925
1	3	3_p01_G11	G11	0	1	0.722
1	3	3_p01_H11	H11	0	1	0.655
1	3	3_p01_A12	A12	0	1	1.011
1	3	3_p01_B12	B12	0	1	0.984
1	3	3_p01_C12	C12	0	1	1.000
1	3	3_p01_D12	D12	0	1	0.985
1	3	3_p01_E12	E12	0	1	1.015
1	3	3_p01_F12	F12	0	1	0.932
1	3	3_p01_G12	G12	0	1	0.947
1	3	3_p01_H12	H12	0	1	0.777
1	3	3_p02_A01	A1	0	2	0.858
1	3	3_p02_B01	B1	0	2	0.916
1	3	3_p02_C01	C1	0	2	0.637
1	3	3_p02_D01	D1	0	2	0.663
1	3	3_p02_E01	E1	0	2	0.918
1	3	3_p02_F01	F1	0	2	0.941
1	3	3_p02_G01	G1	0	2	0.876
1	3	3_p02_H01	H1	0	2	0.973
1	3	3_p02_A02	A2	0	2	0.871
1	3	3_p02_B02	B2	0	2	0.872
1	3	3_p02_C02	C2	0	2	0.766
1	3	3_p02_D02	D2	0	2	0.860
1	3	3_p02_E02	E2	0	2	0.863
1	3	3_p02_F02	F2	0	2	0.872
1	3	3_p02_G02	G2	0	2	0.855
1	3	3_p02_H02	H2	0	2	0.777
1	3	3_p02_A03	A3	0	2	0.887
1	3	3_p02_B03	B3	0	2	0.823
1	3	3_p02_C03	C3	0	2	0.522
1	3	3_p02_D03	D3	0	2	0.616
1	3	3_p02_E03	E3	0	2	0.925
1	3	3_p02_F03	F3	0	2	0.936
1	3	3_p02_G03	G3	0	2	0.890
1	3	3_p02_H03	H3	0	2	0.785
1	3	3_p02_A04	A4	0	2	0.910
1	3	3_p02_B04	B4	0	2	0.966
1	3	3_p02_C04	C4	0	2	0.805
1	3	3_p02_D04	D4	0	2	0.922
1	3	3_p02_E04	E4	0	2	0.871
1	3	3_p02_F04	F4	0	2	0.873
1	3	3_p02_G04	G4	0	2	0.876
1	3	3_p02_H04	H4	0	2	1.075
1	3	3_p02_A05	A5	0	2	0.982
1	3	3_p02_B05	B5	0	2	1.032
1	3	3_p02_C05	C5	0	2	0.715
1	3	3_p02_D05	D5	0	2	0.641
1	3	3_p02_E05	E5	0	2	0.892
1	3	3_p02_F05	F5	0	2	1.014
1	3	3_p02_G05	G5	0	2	0.887
1	3	3_p02_H05	H5	0	2	0.813
1	3	3_p02_A06	A6	0	2	1.002
1	3	3_p02_B06	B6	0	2	1.007
1	3	3_p02_C06	C6	0	2	0.635
1	3	3_p02_D06	D6	0	2	0.724
1	3	3_p02_E06	E6	0	2	0.904
1	3	3_p02_F06	F6	0	2	1.020
1	3	3_p02_G06	G6	0	2	0.893
1	3	3_p02_H06	H6	0	2	0.637
1	3	3_p02_A07	A7	0	2	0.938
1	3	3_p02_B07	B7	0	2	0.951
1	3	3_p02_C07	C7	0	2	0.664
1	3	3_p02_D07	D7	0	2	0.739
1	3	3_p02_E07	E7	0	2	0.637
1	3	3_p02_F07	F7	0	2	0.641
1	3	3_p02_G07	G7	0	2	0.903
1	3	3_p02_H07	H7	0	2	1.184
1	3	3_p02_A08	A8	0	2	1.021
1	3	3_p02_B08	B8	0	2	0.916
1	3	3_p02_C08	C8	0	2	0.632
1	3	3_p02_D08	D8	0	2	0.814
1	3	3_p02_E08	E8	0	2	0.774
1	3	3_p02_F08	F8	0	2	0.804
1	3	3_p02_G08	G8	0	2	0.871
1	3	3_p02_H08	H8	0	2	0.866
1	3	3_p02_A09	A9	0	2	0.858
1	3	3_p02_B09	B9	0	2	0.962
1	3	3_p02_C09	C9	0	2	0.893
1	3	3_p02_D09	D9	0	2	0.896
1	3	3_p02_E09	E9	0	2	0.661
1	3	3_p02_F09	F9	0	2	0.598
1	3	3_p02_G09	G9	0	2	0.919
1	3	3_p02_H09	H9	0	2	0.604
1	3	3_p02_A10	A10	0	2	0.918
1	3	3_p02_B10	B10	0	2	0.800
1	3	3_p02_C10	C10	0	2	0.751
1	3	3_p02_D10	D10	0	2	0.765
1	3	3_p02_E10	E10	0	2	1.113
1	3	3_p02_F10	F10	0	2	0.940
1	3	3_p02_G10	G10	0	2	0.952
1	3	3_p02_H10	H10	0	2	0.650
1	3	3_p02_A11	A11	0	2	0.875
1	3	3_p02_B11	B11	0	2	0.823
1	3	3_p02_C11	C11	0	2	0.922
1	3	3_p02_D11	D11	0	2	0.862
1	3	3_p02_E11	E11	0	2	0.917
1	3	3_p02_F11	F11	0	2	0.882
1	3	3_p02_G11	G11	0	2	0.925
1	3	3_p02_H11	H11	0	2	0.656
1	3	3_p02_A12	A12	0	2	0.986
1	3	3_p02_B12	B12	0	2	0.961
1	3	3_p02_C12	C12	0	2	0.894
1	3	3_p02_D12	D12	0	2	0.874
1	3	3_p02_E12	E12	0	2	0.842
1	3	3_p02_F12	F12	0	2	0.772
1	3	3_p02_G12	G12	0	2	0.890
1	3	3_p02_H12	H12	0	2	0.646
3	3	3_p01_A01	A1	0	1	0.370
3	3	3_p01_B01	B1	0	1	0.350
3	3	3_p01_C01	C1	0	1	0.347
3	3	3_p01_D01	D1	0	1	0.355
3	3	3_p01_E01	E1	0	1	0.342
3	3	3_p01_F01	F1	0	1	0.341
3	3	3_p01_G01	G1	0	1	0.377
3	3	3_p01_H01	H1	0	1	0.404
3	3	3_p01_A02	A2	0	1	0.355
3	3	3_p01_B02	B2	0	1	0.342
3	3	3_p01_C02	C2	0	1	0.357
3	3	3_p01_D02	D2	0	1	0.344
3	3	3_p01_E02	E2	0	1	0.332
3	3	3_p01_F02	F2	0	1	0.325
3	3	3_p01_G02	G2	0	1	0.333
3	3	3_p01_H02	H2	0	1	0.391
3	3	3_p01_A03	A3	0	1	0.336
3	3	3_p01_B03	B3	0	1	0.352
3	3	3_p01_C03	C3	0	1	0.288
3	3	3_p01_D03	D3	0	1	0.356
3	3	3_p01_E03	E3	0	1	0.323
3	3	3_p01_F03	F3	0	1	0.337
3	3	3_p01_G03	G3	0	1	0.412
3	3	3_p01_H03	H3	0	1	0.418
3	3	3_p01_A04	A4	0	1	0.333
3	3	3_p01_B04	B4	0	1	0.351
3	3	3_p01_C04	C4	0	1	0.321
3	3	3_p01_D04	D4	0	1	0.406
3	3	3_p01_E04	E4	0	1	0.328
3	3	3_p01_F04	F4	0	1	0.343
3	3	3_p01_G04	G4	0	1	0.329
3	3	3_p01_H04	H4	0	1	0.405
3	3	3_p01_A05	A5	0	1	0.341
3	3	3_p01_B05	B5	0	1	0.354
3	3	3_p01_C05	C5	0	1	0.300
3	3	3_p01_D05	D5	0	1	0.365
3	3	3_p01_E05	E5	0	1	0.387
3	3	3_p01_F05	F5	0	1	0.379
3	3	3_p01_G05	G5	0	1	0.332
3	3	3_p01_H05	H5	0	1	0.359
3	3	3_p01_A06	A6	0	1	0.346
3	3	3_p01_B06	B6	0	1	0.349
3	3	3_p01_C06	C6	0	1	0.333
3	3	3_p01_D06	D6	0	1	0.330
3	3	3_p01_E06	E6	0	1	0.397
3	3	3_p01_F06	F6	0	1	0.374
3	3	3_p01_G06	G6	0	1	0.339
3	3	3_p01_H06	H6	0	1	0.278
3	3	3_p01_A07	A7	0	1	0.346
3	3	3_p01_B07	B7	0	1	0.348
3	3	3_p01_C07	C7	0	1	0.293
3	3	3_p01_D07	D7	0	1	0.297
3	3	3_p01_E07	E7	0	1	0.372
3	3	3_p01_F07	F7	0	1	0.359
3	3	3_p01_G07	G7	0	1	0.333
3	3	3_p01_H07	H7	0	1	0.372
3	3	3_p01_A08	A8	0	1	0.344
3	3	3_p01_B08	B8	0	1	0.345
3	3	3_p01_C08	C8	0	1	0.247
3	3	3_p01_D08	D8	0	1	0.321
3	3	3_p01_E08	E8	0	1	0.342
3	3	3_p01_F08	F8	0	1	0.318
3	3	3_p01_G08	G8	0	1	0.332
3	3	3_p01_H08	H8	0	1	0.353
3	3	3_p01_A09	A9	0	1	0.406
3	3	3_p01_B09	B9	0	1	0.420
3	3	3_p01_C09	C9	0	1	0.357
3	3	3_p01_D09	D9	0	1	0.369
3	3	3_p01_E09	E9	0	1	0.361
3	3	3_p01_F09	F9	0	1	0.279
3	3	3_p01_G09	G9	0	1	0.330
3	3	3_p01_H09	H9	0	1	0.296
3	3	3_p01_A10	A10	0	1	0.395
3	3	3_p01_B10	B10	0	1	0.401
3	3	3_p01_C10	C10	0	1	0.341
3	3	3_p01_D10	D10	0	1	0.348
3	3	3_p01_E10	E10	0	1	0.327
3	3	3_p01_F10	F10	0	1	0.334
3	3	3_p01_G10	G10	0	1	0.331
3	3	3_p01_H10	H10	0	1	0.380
3	3	3_p01_A11	A11	0	1	0.405
3	3	3_p01_B11	B11	0	1	0.429
3	3	3_p01_C11	C11	0	1	0.356
3	3	3_p01_D11	D11	0	1	0.346
3	3	3_p01_E11	E11	0	1	0.352
3	3	3_p01_F11	F11	0	1	0.355
3	3	3_p01_G11	G11	0	1	0.327
3	3	3_p01_H11	H11	0	1	0.271
3	3	3_p01_A12	A12	0	1	0.376
3	3	3_p01_B12	B12	0	1	0.417
3	3	3_p01_C12	C12	0	1	0.339
3	3	3_p01_D12	D12	0	1	0.346
3	3	3_p01_E12	E12	0	1	0.336
3	3	3_p01_F12	F12	0	1	0.328
3	3	3_p01_G12	G12	0	1	0.341
3	3	3_p01_H12	H12	0	1	0.326
3	3	3_p02_A01	A1	0	2	0.339
3	3	3_p02_B01	B1	0	2	0.334
3	3	3_p02_C01	C1	0	2	0.281
3	3	3_p02_D01	D1	0	2	0.326
3	3	3_p02_E01	E1	0	2	0.350
3	3	3_p02_F01	F1	0	2	0.328
3	3	3_p02_G01	G1	0	2	0.355
3	3	3_p02_H01	H1	0	2	0.364
3	3	3_p02_A02	A2	0	2	0.311
3	3	3_p02_B02	B2	0	2	0.312
3	3	3_p02_C02	C2	0	2	0.335
3	3	3_p02_D02	D2	0	2	0.334
3	3	3_p02_E02	E2	0	2	0.337
3	3	3_p02_F02	F2	0	2	0.316
3	3	3_p02_G02	G2	0	2	0.325
3	3	3_p02_H02	H2	0	2	0.351
3	3	3_p02_A03	A3	0	2	0.312
3	3	3_p02_B03	B3	0	2	0.328
3	3	3_p02_C03	C3	0	2	0.333
3	3	3_p02_D03	D3	0	2	0.265
3	3	3_p02_E03	E3	0	2	0.318
3	3	3_p02_F03	F3	0	2	0.324
3	3	3_p02_G03	G3	0	2	0.391
3	3	3_p02_H03	H3	0	2	0.357
3	3	3_p02_A04	A4	0	2	0.315
3	3	3_p02_B04	B4	0	2	0.314
3	3	3_p02_C04	C4	0	2	0.302
3	3	3_p02_D04	D4	0	2	0.287
3	3	3_p02_E04	E4	0	2	0.315
3	3	3_p02_F04	F4	0	2	0.321
3	3	3_p02_G04	G4	0	2	0.313
3	3	3_p02_H04	H4	0	2	0.375
3	3	3_p02_A05	A5	0	2	0.324
3	3	3_p02_B05	B5	0	2	0.327
3	3	3_p02_C05	C5	0	2	0.287
3	3	3_p02_D05	D5	0	2	0.345
3	3	3_p02_E05	E5	0	2	0.385
3	3	3_p02_F05	F5	0	2	0.384
3	3	3_p02_G05	G5	0	2	0.305
3	3	3_p02_H05	H5	0	2	0.332
3	3	3_p02_A06	A6	0	2	0.317
3	3	3_p02_B06	B6	0	2	0.312
3	3	3_p02_C06	C6	0	2	0.337
3	3	3_p02_D06	D6	0	2	0.340
3	3	3_p02_E06	E6	0	2	0.370
3	3	3_p02_F06	F6	0	2	0.359
3	3	3_p02_G06	G6	0	2	0.328
3	3	3_p02_H06	H6	0	2	0.326
3	3	3_p02_A07	A7	0	2	0.323
3	3	3_p02_B07	B7	0	2	0.312
3	3	3_p02_C07	C7	0	2	0.296
3	3	3_p02_D07	D7	0	2	0.284
3	3	3_p02_E07	E7	0	2	0.356
3	3	3_p02_F07	F7	0	2	0.352
3	3	3_p02_G07	G7	0	2	0.308
3	3	3_p02_H07	H7	0	2	0.307
3	3	3_p02_A08	A8	0	2	0.316
3	3	3_p02_B08	B8	0	2	0.306
3	3	3_p02_C08	C8	0	2	0.317
3	3	3_p02_D08	D8	0	2	0.315
3	3	3_p02_E08	E8	0	2	0.344
3	3	3_p02_F08	F8	0	2	0.324
3	3	3_p02_G08	G8	0	2	0.312
3	3	3_p02_H08	H8	0	2	0.330
3	3	3_p02_A09	A9	0	2	0.378
3	3	3_p02_B09	B9	0	2	0.372
3	3	3_p02_C09	C9	0	2	0.339
3	3	3_p02_D09	D9	0	2	0.339
3	3	3_p02_E09	E9	0	2	0.341
3	3	3_p02_F09	F9	0	2	0.333
3	3	3_p02_G09	G9	0	2	0.306
3	3	3_p02_H09	H9	0	2	0.268
3	3	3_p02_A10	A10	0	2	0.373
3	3	3_p02_B10	B10	0	2	0.359
3	3	3_p02_C10	C10	0	2	0.359
3	3	3_p02_D10	D10	0	2	0.364
3	3	3_p02_E10	E10	0	2	0.309
3	3	3_p02_F10	F10	0	2	0.300
3	3	3_p02_G10	G10	0	2	0.315
3	3	3_p02_H10	H10	0	2	0.274
3	3	3_p02_A11	A11	0	2	0.371
3	3	3_p02_B11	B11	0	2	0.370
3	3	3_p02_C11	C11	0	2	0.343
3	3	3_p02_D11	D11	0	2	0.330
3	3	3_p02_E11	E11	0	2	0.339
3	3	3_p02_F11	F11	0	2	0.323
3	3	3_p02_G11	G11	0	2	0.302
3	3	3_p02_H11	H11	0	2	0.227
3	3	3_p02_A12	A12	0	2	0.352
3	3	3_p02_B12	B12	0	2	0.376
3	3	3_p02_C12	C12	0	2	0.353
3	3	3_p02_D12	D12	0	2	0.324
3	3	3_p02_E12	E12	0	2	0.369
3	3	3_p02_F12	F12	0	2	0.319
3	3	3_p02_G12	G12	0	2	0.310
3	3	3_p02_H12	H12	0	2	0.348
5	3	3_p01_A01	A1	0	1	0.349
5	3	3_p01_B01	B1	0	1	0.319
5	3	3_p01_C01	C1	0	1	0.343
5	3	3_p01_D01	D1	0	1	0.353
5	3	3_p01_E01	E1	0	1	0.334
5	3	3_p01_F01	F1	0	1	0.315
5	3	3_p01_G01	G1	0	1	0.374
5	3	3_p01_H01	H1	0	1	0.393
5	3	3_p01_A02	A2	0	1	0.34
5	3	3_p01_B02	B2	0	1	0.326
5	3	3_p01_C02	C2	0	1	0.362
5	3	3_p01_D02	D2	0	1	0.332
5	3	3_p01_E02	E2	0	1	0.313
5	3	3_p01_F02	F2	0	1	0.312
5	3	3_p01_G02	G2	0	1	0.33
5	3	3_p01_H02	H2	0	1	0.39
5	3	3_p01_A03	A3	0	1	0.318
5	3	3_p01_B03	B3	0	1	0.321
5	3	3_p01_C03	C3	0	1	0.288
5	3	3_p01_D03	D3	0	1	0.342
5	3	3_p01_E03	E3	0	1	0.319
5	3	3_p01_F03	F3	0	1	0.317
5	3	3_p01_G03	G3	0	1	0.401
5	3	3_p01_H03	H3	0	1	0.395
5	3	3_p01_A04	A4	0	1	0.328
5	3	3_p01_B04	B4	0	1	0.325
5	3	3_p01_C04	C4	0	1	0.316
5	3	3_p01_D04	D4	0	1	0.311
5	3	3_p01_E04	E4	0	1	0.318
5	3	3_p01_F04	F4	0	1	0.33
5	3	3_p01_G04	G4	0	1	0.312
5	3	3_p01_H04	H4	0	1	0.391
5	3	3_p01_A05	A5	0	1	0.274
5	3	3_p01_B05	B5	0	1	0.337
5	3	3_p01_C05	C5	0	1	0.29
5	3	3_p01_D05	D5	0	1	0.369
5	3	3_p01_E05	E5	0	1	0.396
5	3	3_p01_F05	F5	0	1	0.389
5	3	3_p01_G05	G5	0	1	0.314
5	3	3_p01_H05	H5	0	1	0.342
5	3	3_p01_A06	A6	0	1	0.334
5	3	3_p01_B06	B6	0	1	0.32
5	3	3_p01_C06	C6	0	1	0.343
5	3	3_p01_D06	D6	0	1	0.335
5	3	3_p01_E06	E6	0	1	0.37
5	3	3_p01_F06	F6	0	1	0.382
5	3	3_p01_G06	G6	0	1	0.324
5	3	3_p01_H06	H6	0	1	0.278
5	3	3_p01_A07	A7	0	1	0.333
5	3	3_p01_B07	B7	0	1	0.335
5	3	3_p01_C07	C7	0	1	0.296
5	3	3_p01_D07	D7	0	1	0.282
5	3	3_p01_E07	E7	0	1	0.349
5	3	3_p01_F07	F7	0	1	0.346
5	3	3_p01_G07	G7	0	1	0.313
5	3	3_p01_H07	H7	0	1	0.348
5	3	3_p01_A08	A8	0	1	0.325
5	3	3_p01_B08	B8	0	1	0.313
5	3	3_p01_C08	C8	0	1	0.245
5	3	3_p01_D08	D8	0	1	0.322
5	3	3_p01_E08	E8	0	1	0.334
5	3	3_p01_F08	F8	0	1	0.312
5	3	3_p01_G08	G8	0	1	0.316
5	3	3_p01_H08	H8	0	1	0.339
5	3	3_p01_A09	A9	0	1	0.388
5	3	3_p01_B09	B9	0	1	0.388
5	3	3_p01_C09	C9	0	1	0.324
5	3	3_p01_D09	D9	0	1	0.333
5	3	3_p01_E09	E9	0	1	0.334
5	3	3_p01_F09	F9	0	1	0.284
5	3	3_p01_G09	G9	0	1	0.318
5	3	3_p01_H09	H9	0	1	0.288
5	3	3_p01_A10	A10	0	1	0.38
5	3	3_p01_B10	B10	0	1	0.372
5	3	3_p01_C10	C10	0	1	0.353
5	3	3_p01_D10	D10	0	1	0.328
5	3	3_p01_E10	E10	0	1	0.3
5	3	3_p01_F10	F10	0	1	0.321
5	3	3_p01_G10	G10	0	1	0.318
5	3	3_p01_H10	H10	0	1	0.387
5	3	3_p01_A11	A11	0	1	0.384
5	3	3_p01_B11	B11	0	1	0.386
5	3	3_p01_C11	C11	0	1	0.323
5	3	3_p01_D11	D11	0	1	0.353
5	3	3_p01_E11	E11	0	1	0.322
5	3	3_p01_F11	F11	0	1	0.341
5	3	3_p01_G11	G11	0	1	0.317
5	3	3_p01_H11	H11	0	1	0.281
5	3	3_p01_A12	A12	0	1	0.371
5	3	3_p01_B12	B12	0	1	0.379
5	3	3_p01_C12	C12	0	1	0.335
5	3	3_p01_D12	D12	0	1	0.322
5	3	3_p01_E12	E12	0	1	0.32
5	3	3_p01_F12	F12	0	1	0.331
5	3	3_p01_G12	G12	0	1	0.313
5	3	3_p01_H12	H12	0	1	0.324
5	3	3_p02_A01	A1	0	2	0.34
5	3	3_p02_B01	B1	0	2	0.313
5	3	3_p02_C01	C1	0	2	0.331
5	3	3_p02_D01	D1	0	2	0.326
5	3	3_p02_E01	E1	0	2	0.324
5	3	3_p02_F01	F1	0	2	0.246
5	3	3_p02_G01	G1	0	2	0.349
5	3	3_p02_H01	H1	0	2	0.377
5	3	3_p02_A02	A2	0	2	0.298
5	3	3_p02_B02	B2	0	2	0.314
5	3	3_p02_C02	C2	0	2	0.355
5	3	3_p02_D02	D2	0	2	0.338
5	3	3_p02_E02	E2	0	2	0.342
5	3	3_p02_F02	F2	0	2	0.303
5	3	3_p02_G02	G2	0	2	0.314
5	3	3_p02_H02	H2	0	2	0.393
5	3	3_p02_A03	A3	0	2	0.3
5	3	3_p02_B03	B3	0	2	0.311
5	3	3_p02_C03	C3	0	2	0.344
5	3	3_p02_D03	D3	0	2	0.266
5	3	3_p02_E03	E3	0	2	0.311
5	3	3_p02_F03	F3	0	2	0.312
5	3	3_p02_G03	G3	0	2	0.39
5	3	3_p02_H03	H3	0	2	0.4
5	3	3_p02_A04	A4	0	2	0.292
5	3	3_p02_B04	B4	0	2	0.304
5	3	3_p02_C04	C4	0	2	0.313
5	3	3_p02_D04	D4	0	2	0.285
5	3	3_p02_E04	E4	0	2	0.307
5	3	3_p02_F04	F4	0	2	0.308
5	3	3_p02_G04	G4	0	2	0.309
5	3	3_p02_H04	H4	0	2	0.399
5	3	3_p02_A05	A5	0	2	0.306
5	3	3_p02_B05	B5	0	2	0.327
5	3	3_p02_C05	C5	0	2	0.291
5	3	3_p02_D05	D5	0	2	0.329
5	3	3_p02_E05	E5	0	2	0.374
5	3	3_p02_F05	F5	0	2	0.382
5	3	3_p02_G05	G5	0	2	0.314
5	3	3_p02_H05	H5	0	2	0.363
5	3	3_p02_A06	A6	0	2	0.311
5	3	3_p02_B06	B6	0	2	0.322
5	3	3_p02_C06	C6	0	2	0.337
5	3	3_p02_D06	D6	0	2	0.341
5	3	3_p02_E06	E6	0	2	0.37
5	3	3_p02_F06	F6	0	2	0.375
5	3	3_p02_G06	G6	0	2	0.327
5	3	3_p02_H06	H6	0	2	0.351
5	3	3_p02_A07	A7	0	2	0.317
5	3	3_p02_B07	B7	0	2	0.319
5	3	3_p02_C07	C7	0	2	0.288
5	3	3_p02_D07	D7	0	2	0.279
5	3	3_p02_E07	E7	0	2	0.33
5	3	3_p02_F07	F7	0	2	0.338
5	3	3_p02_G07	G7	0	2	0.314
5	3	3_p02_H07	H7	0	2	0.369
5	3	3_p02_A08	A8	0	2	0.309
5	3	3_p02_B08	B8	0	2	0.312
5	3	3_p02_C08	C8	0	2	0.318
5	3	3_p02_D08	D8	0	2	0.309
5	3	3_p02_E08	E8	0	2	0.34
5	3	3_p02_F08	F8	0	2	0.332
5	3	3_p02_G08	G8	0	2	0.317
5	3	3_p02_H08	H8	0	2	0.359
5	3	3_p02_A09	A9	0	2	0.371
5	3	3_p02_B09	B9	0	2	0.379
5	3	3_p02_C09	C9	0	2	0.336
5	3	3_p02_D09	D9	0	2	0.347
5	3	3_p02_E09	E9	0	2	0.34
5	3	3_p02_F09	F9	0	2	0.343
5	3	3_p02_G09	G9	0	2	0.318
5	3	3_p02_H09	H9	0	2	0.295
5	3	3_p02_A10	A10	0	2	0.378
5	3	3_p02_B10	B10	0	2	0.384
5	3	3_p02_C10	C10	0	2	0.343
5	3	3_p02_D10	D10	0	2	0.319
5	3	3_p02_E10	E10	0	2	0.311
5	3	3_p02_F10	F10	0	2	0.303
5	3	3_p02_G10	G10	0	2	0.32
5	3	3_p02_H10	H10	0	2	0.278
5	3	3_p02_A11	A11	0	2	0.379
5	3	3_p02_B11	B11	0	2	0.383
5	3	3_p02_C11	C11	0	2	0.328
5	3	3_p02_D11	D11	0	2	0.346
5	3	3_p02_E11	E11	0	2	0.41
5	3	3_p02_F11	F11	0	2	0.343
5	3	3_p02_G11	G11	0	2	0.314
5	3	3_p02_H11	H11	0	2	0.248
5	3	3_p02_A12	A12	0	2	0.379
5	3	3_p02_B12	B12	0	2	0.382
5	3	3_p02_C12	C12	0	2	0.329
5	3	3_p02_D12	D12	0	2	0.312
5	3	3_p02_E12	E12	0	2	0.342
5	3	3_p02_F12	F12	0	2	0.346
5	3	3_p02_G12	G12	0	2	0.325
5	3	3_p02_H12	H12	0	2	0.349
7	3	3_p01_A01	A1	0	1	0.338
7	3	3_p01_B01	B1	0	1	0.308
7	3	3_p01_C01	C1	0	1	0.331
7	3	3_p01_D01	D1	0	1	0.323
7	3	3_p01_E01	E1	0	1	0.325
7	3	3_p01_F01	F1	0	1	0.324
7	3	3_p01_G01	G1	0	1	0.353
7	3	3_p01_H01	H1	0	1	0.406
7	3	3_p01_A02	A2	0	1	0.297
7	3	3_p01_B02	B2	0	1	0.318
7	3	3_p01_C02	C2	0	1	0.351
7	3	3_p01_D02	D2	0	1	0.342
7	3	3_p01_E02	E2	0	1	0.322
7	3	3_p01_F02	F2	0	1	0.325
7	3	3_p01_G02	G2	0	1	0.328
7	3	3_p01_H02	H2	0	1	0.4
7	3	3_p01_A03	A3	0	1	0.312
7	3	3_p01_B03	B3	0	1	0.35
7	3	3_p01_C03	C3	0	1	0.282
7	3	3_p01_D03	D3	0	1	0.344
7	3	3_p01_E03	E3	0	1	0.329
7	3	3_p01_F03	F3	0	1	0.327
7	3	3_p01_G03	G3	0	1	0.392
7	3	3_p01_H03	H3	0	1	0.383
7	3	3_p01_A04	A4	0	1	0.32
7	3	3_p01_B04	B4	0	1	0.334
7	3	3_p01_C04	C4	0	1	0.322
7	3	3_p01_D04	D4	0	1	0.324
7	3	3_p01_E04	E4	0	1	0.326
7	3	3_p01_F04	F4	0	1	0.344
7	3	3_p01_G04	G4	0	1	0.325
7	3	3_p01_H04	H4	0	1	0.388
7	3	3_p01_A05	A5	0	1	0.279
7	3	3_p01_B05	B5	0	1	0.318
7	3	3_p01_C05	C5	0	1	0.287
7	3	3_p01_D05	D5	0	1	0.354
7	3	3_p01_E05	E5	0	1	0.394
7	3	3_p01_F05	F5	0	1	0.397
7	3	3_p01_G05	G5	0	1	0.324
7	3	3_p01_H05	H5	0	1	0.337
7	3	3_p01_A06	A6	0	1	0.329
7	3	3_p01_B06	B6	0	1	0.306
7	3	3_p01_C06	C6	0	1	0.36
7	3	3_p01_D06	D6	0	1	0.361
7	3	3_p01_E06	E6	0	1	0.381
7	3	3_p01_F06	F6	0	1	0.38
7	3	3_p01_G06	G6	0	1	0.339
7	3	3_p01_H06	H6	0	1	0.279
7	3	3_p01_A07	A7	0	1	0.324
7	3	3_p01_B07	B7	0	1	0.338
7	3	3_p01_C07	C7	0	1	0.292
7	3	3_p01_D07	D7	0	1	0.282
7	3	3_p01_E07	E7	0	1	0.356
7	3	3_p01_F07	F7	0	1	0.353
7	3	3_p01_G07	G7	0	1	0.325
7	3	3_p01_H07	H7	0	1	0.36
7	3	3_p01_A08	A8	0	1	0.321
7	3	3_p01_B08	B8	0	1	0.321
7	3	3_p01_C08	C8	0	1	0.239
7	3	3_p01_D08	D8	0	1	0.334
7	3	3_p01_E08	E8	0	1	0.357
7	3	3_p01_F08	F8	0	1	0.328
7	3	3_p01_G08	G8	0	1	0.328
7	3	3_p01_H08	H8	0	1	0.337
7	3	3_p01_A09	A9	0	1	0.378
7	3	3_p01_B09	B9	0	1	0.392
7	3	3_p01_C09	C9	0	1	0.35
7	3	3_p01_D09	D9	0	1	0.334
7	3	3_p01_E09	E9	0	1	0.344
7	3	3_p01_F09	F9	0	1	0.287
7	3	3_p01_G09	G9	0	1	0.334
7	3	3_p01_H09	H9	0	1	0.281
7	3	3_p01_A10	A10	0	1	0.386
7	3	3_p01_B10	B10	0	1	0.372
7	3	3_p01_C10	C10	0	1	0.352
7	3	3_p01_D10	D10	0	1	0.342
7	3	3_p01_E10	E10	0	1	0.329
7	3	3_p01_F10	F10	0	1	0.33
7	3	3_p01_G10	G10	0	1	0.321
7	3	3_p01_H10	H10	0	1	0.385
7	3	3_p01_A11	A11	0	1	0.38
7	3	3_p01_B11	B11	0	1	0.392
7	3	3_p01_C11	C11	0	1	0.332
7	3	3_p01_D11	D11	0	1	0.341
7	3	3_p01_E11	E11	0	1	0.354
7	3	3_p01_F11	F11	0	1	0.354
7	3	3_p01_G11	G11	0	1	0.305
7	3	3_p01_H11	H11	0	1	0.265
7	3	3_p01_A12	A12	0	1	0.37
7	3	3_p01_B12	B12	0	1	0.381
7	3	3_p01_C12	C12	0	1	0.366
7	3	3_p01_D12	D12	0	1	0.328
7	3	3_p01_E12	E12	0	1	0.343
7	3	3_p01_F12	F12	0	1	0.347
7	3	3_p01_G12	G12	0	1	0.313
7	3	3_p01_H12	H12	0	1	0.319
7	3	3_p02_A01	A1	0	2	0.336
7	3	3_p02_B01	B1	0	2	0.292
7	3	3_p02_C01	C1	0	2	0.345
7	3	3_p02_D01	D1	0	2	0.324
7	3	3_p02_E01	E1	0	2	0.34
7	3	3_p02_F01	F1	0	2	0.261
7	3	3_p02_G01	G1	0	2	0.34
7	3	3_p02_H01	H1	0	2	0.358
7	3	3_p02_A02	A2	0	2	0.268
7	3	3_p02_B02	B2	0	2	0.309
7	3	3_p02_C02	C2	0	2	0.359
7	3	3_p02_D02	D2	0	2	0.319
7	3	3_p02_E02	E2	0	2	0.344
7	3	3_p02_F02	F2	0	2	0.3
7	3	3_p02_G02	G2	0	2	0.316
7	3	3_p02_H02	H2	0	2	0.356
7	3	3_p02_A03	A3	0	2	0.313
7	3	3_p02_B03	B3	0	2	0.333
7	3	3_p02_C03	C3	0	2	0.353
7	3	3_p02_D03	D3	0	2	0.315
7	3	3_p02_E03	E3	0	2	0.312
7	3	3_p02_F03	F3	0	2	0.314
7	3	3_p02_G03	G3	0	2	0.395
7	3	3_p02_H03	H3	0	2	0.389
7	3	3_p02_A04	A4	0	2	0.292
7	3	3_p02_B04	B4	0	2	0.313
7	3	3_p02_C04	C4	0	2	0.31
7	3	3_p02_D04	D4	0	2	0.304
7	3	3_p02_E04	E4	0	2	0.311
7	3	3_p02_F04	F4	0	2	0.316
7	3	3_p02_G04	G4	0	2	0.307
7	3	3_p02_H04	H4	0	2	0.39
7	3	3_p02_A05	A5	0	2	0.327
7	3	3_p02_B05	B5	0	2	0.32
7	3	3_p02_C05	C5	0	2	0.286
7	3	3_p02_D05	D5	0	2	0.341
7	3	3_p02_E05	E5	0	2	0.378
7	3	3_p02_F05	F5	0	2	0.381
7	3	3_p02_G05	G5	0	2	0.313
7	3	3_p02_H05	H5	0	2	0.34
7	3	3_p02_A06	A6	0	2	0.293
7	3	3_p02_B06	B6	0	2	0.317
7	3	3_p02_C06	C6	0	2	0.343
7	3	3_p02_D06	D6	0	2	0.341
7	3	3_p02_E06	E6	0	2	0.36
7	3	3_p02_F06	F6	0	2	0.358
7	3	3_p02_G06	G6	0	2	0.333
7	3	3_p02_H06	H6	0	2	0.344
7	3	3_p02_A07	A7	0	2	0.335
7	3	3_p02_B07	B7	0	2	0.31
7	3	3_p02_C07	C7	0	2	0.281
7	3	3_p02_D07	D7	0	2	0.281
7	3	3_p02_E07	E7	0	2	0.345
7	3	3_p02_F07	F7	0	2	0.34
7	3	3_p02_G07	G7	0	2	0.317
7	3	3_p02_H07	H7	0	2	0.34
7	3	3_p02_A08	A8	0	2	0.314
7	3	3_p02_B08	B8	0	2	0.308
7	3	3_p02_C08	C8	0	2	0.318
7	3	3_p02_D08	D8	0	2	0.309
7	3	3_p02_E08	E8	0	2	0.342
7	3	3_p02_F08	F8	0	2	0.325
7	3	3_p02_G08	G8	0	2	0.312
7	3	3_p02_H08	H8	0	2	0.35
7	3	3_p02_A09	A9	0	2	0.38
7	3	3_p02_B09	B9	0	2	0.381
7	3	3_p02_C09	C9	0	2	0.33
7	3	3_p02_D09	D9	0	2	0.339
7	3	3_p02_E09	E9	0	2	0.337
7	3	3_p02_F09	F9	0	2	0.33
7	3	3_p02_G09	G9	0	2	0.306
7	3	3_p02_H09	H9	0	2	0.273
7	3	3_p02_A10	A10	0	2	0.376
7	3	3_p02_B10	B10	0	2	0.378
7	3	3_p02_C10	C10	0	2	0.346
7	3	3_p02_D10	D10	0	2	0.336
7	3	3_p02_E10	E10	0	2	0.329
7	3	3_p02_F10	F10	0	2	0.3
7	3	3_p02_G10	G10	0	2	0.311
7	3	3_p02_H10	H10	0	2	0.283
7	3	3_p02_A11	A11	0	2	0.361
7	3	3_p02_B11	B11	0	2	0.344
7	3	3_p02_C11	C11	0	2	0.326
7	3	3_p02_D11	D11	0	2	0.332
7	3	3_p02_E11	E11	0	2	0.331
7	3	3_p02_F11	F11	0	2	0.329
7	3	3_p02_G11	G11	0	2	0.309
7	3	3_p02_H11	H11	0	2	0.285
7	3	3_p02_A12	A12	0	2	0.36
7	3	3_p02_B12	B12	0	2	0.337
7	3	3_p02_C12	C12	0	2	0.342
7	3	3_p02_D12	D12	0	2	0.337
7	3	3_p02_E12	E12	0	2	0.326
7	3	3_p02_F12	F12	0	2	0.316
7	3	3_p02_G12	G12	0	2	0.318
7	3	3_p02_H12	H12	0	2	0.337
8	3	3_p01_A01	A1	0	1	0.322
8	3	3_p01_B01	B1	0	1	0.288
8	3	3_p01_C01	C1	0	1	0.296
8	3	3_p01_D01	D1	0	1	0.301
8	3	3_p01_E01	E1	0	1	0.284
8	3	3_p01_F01	F1	0	1	0.284
8	3	3_p01_G01	G1	0	1	0.321
8	3	3_p01_H01	H1	0	1	0.35
8	3	3_p01_A02	A2	0	1	0.298
8	3	3_p01_B02	B2	0	1	0.299
8	3	3_p01_C02	C2	0	1	0.336
8	3	3_p01_D02	D2	0	1	0.304
8	3	3_p01_E02	E2	0	1	0.284
8	3	3_p01_F02	F2	0	1	0.28
8	3	3_p01_G02	G2	0	1	0.299
8	3	3_p01_H02	H2	0	1	0.364
8	3	3_p01_A03	A3	0	1	0.287
8	3	3_p01_B03	B3	0	1	0.319
8	3	3_p01_C03	C3	0	1	0.264
8	3	3_p01_D03	D3	0	1	0.309
8	3	3_p01_E03	E3	0	1	0.289
8	3	3_p01_F03	F3	0	1	0.294
8	3	3_p01_G03	G3	0	1	0.365
8	3	3_p01_H03	H3	0	1	0.382
8	3	3_p01_A04	A4	0	1	0.289
8	3	3_p01_B04	B4	0	1	0.292
8	3	3_p01_C04	C4	0	1	0.292
8	3	3_p01_D04	D4	0	1	0.288
8	3	3_p01_E04	E4	0	1	0.283
8	3	3_p01_F04	F4	0	1	0.305
8	3	3_p01_G04	G4	0	1	0.28
8	3	3_p01_H04	H4	0	1	0.37
8	3	3_p01_A05	A5	0	1	0.277
8	3	3_p01_B05	B5	0	1	0.283
8	3	3_p01_C05	C5	0	1	0.262
8	3	3_p01_D05	D5	0	1	0.304
8	3	3_p01_E05	E5	0	1	0.347
8	3	3_p01_F05	F5	0	1	0.356
8	3	3_p01_G05	G5	0	1	0.287
8	3	3_p01_H05	H5	0	1	0.324
8	3	3_p01_A06	A6	0	1	0.291
8	3	3_p01_B06	B6	0	1	0.279
8	3	3_p01_C06	C6	0	1	0.312
8	3	3_p01_D06	D6	0	1	0.308
8	3	3_p01_E06	E6	0	1	0.355
8	3	3_p01_F06	F6	0	1	0.363
8	3	3_p01_G06	G6	0	1	0.305
8	3	3_p01_H06	H6	0	1	0.259
8	3	3_p01_A07	A7	0	1	0.272
8	3	3_p01_B07	B7	0	1	0.302
8	3	3_p01_C07	C7	0	1	0.277
8	3	3_p01_D07	D7	0	1	0.261
8	3	3_p01_E07	E7	0	1	0.322
8	3	3_p01_F07	F7	0	1	0.326
8	3	3_p01_G07	G7	0	1	0.288
8	3	3_p01_H07	H7	0	1	0.331
8	3	3_p01_A08	A8	0	1	0.296
8	3	3_p01_B08	B8	0	1	0.291
8	3	3_p01_C08	C8	0	1	0.222
8	3	3_p01_D08	D8	0	1	0.297
8	3	3_p01_E08	E8	0	1	0.319
8	3	3_p01_F08	F8	0	1	0.295
8	3	3_p01_G08	G8	0	1	0.289
8	3	3_p01_H08	H8	0	1	0.302
8	3	3_p01_A09	A9	0	1	0.368
8	3	3_p01_B09	B9	0	1	0.358
8	3	3_p01_C09	C9	0	1	0.295
8	3	3_p01_D09	D9	0	1	0.31
8	3	3_p01_E09	E9	0	1	0.324
8	3	3_p01_F09	F9	0	1	0.267
8	3	3_p01_G09	G9	0	1	0.297
8	3	3_p01_H09	H9	0	1	0.262
8	3	3_p01_A10	A10	0	1	0.357
8	3	3_p01_B10	B10	0	1	0.361
8	3	3_p01_C10	C10	0	1	0.341
8	3	3_p01_D10	D10	0	1	0.314
8	3	3_p01_E10	E10	0	1	0.302
8	3	3_p01_F10	F10	0	1	0.299
8	3	3_p01_G10	G10	0	1	0.275
8	3	3_p01_H10	H10	0	1	0.361
8	3	3_p01_A11	A11	0	1	0.335
8	3	3_p01_B11	B11	0	1	0.358
8	3	3_p01_C11	C11	0	1	0.315
8	3	3_p01_D11	D11	0	1	0.309
8	3	3_p01_E11	E11	0	1	0.313
8	3	3_p01_F11	F11	0	1	0.319
8	3	3_p01_G11	G11	0	1	0.284
8	3	3_p01_H11	H11	0	1	0.263
8	3	3_p01_A12	A12	0	1	0.341
8	3	3_p01_B12	B12	0	1	0.357
8	3	3_p01_C12	C12	0	1	0.351
8	3	3_p01_D12	D12	0	1	0.325
8	3	3_p01_E12	E12	0	1	0.316
8	3	3_p01_F12	F12	0	1	0.322
8	3	3_p01_G12	G12	0	1	0.293
8	3	3_p01_H12	H12	0	1	0.278
8	3	3_p02_A01	A1	0	2	0.315
8	3	3_p02_B01	B1	0	2	0.291
8	3	3_p02_C01	C1	0	2	0.315
8	3	3_p02_D01	D1	0	2	0.31
8	3	3_p02_E01	E1	0	2	0.31
8	3	3_p02_F01	F1	0	2	0.254
8	3	3_p02_G01	G1	0	2	0.333
8	3	3_p02_H01	H1	0	2	0.381
8	3	3_p02_A02	A2	0	2	0.275
8	3	3_p02_B02	B2	0	2	0.292
8	3	3_p02_C02	C2	0	2	0.333
8	3	3_p02_D02	D2	0	2	0.323
8	3	3_p02_E02	E2	0	2	0.321
8	3	3_p02_F02	F2	0	2	0.282
8	3	3_p02_G02	G2	0	2	0.288
8	3	3_p02_H02	H2	0	2	0.353
8	3	3_p02_A03	A3	0	2	0.322
8	3	3_p02_B03	B3	0	2	0.309
8	3	3_p02_C03	C3	0	2	0.338
8	3	3_p02_D03	D3	0	2	0.307
8	3	3_p02_E03	E3	0	2	0.279
8	3	3_p02_F03	F3	0	2	0.293
8	3	3_p02_G03	G3	0	2	0.371
8	3	3_p02_H03	H3	0	2	0.353
8	3	3_p02_A04	A4	0	2	0.307
8	3	3_p02_B04	B4	0	2	0.28
8	3	3_p02_C04	C4	0	2	0.294
8	3	3_p02_D04	D4	0	2	0.294
8	3	3_p02_E04	E4	0	2	0.28
8	3	3_p02_F04	F4	0	2	0.289
8	3	3_p02_G04	G4	0	2	0.288
8	3	3_p02_H04	H4	0	2	0.37
8	3	3_p02_A05	A5	0	2	0.322
8	3	3_p02_B05	B5	0	2	0.295
8	3	3_p02_C05	C5	0	2	0.282
8	3	3_p02_D05	D5	0	2	0.336
8	3	3_p02_E05	E5	0	2	0.374
8	3	3_p02_F05	F5	0	2	0.364
8	3	3_p02_G05	G5	0	2	0.287
8	3	3_p02_H05	H5	0	2	0.327
8	3	3_p02_A06	A6	0	2	0.297
8	3	3_p02_B06	B6	0	2	0.297
8	3	3_p02_C06	C6	0	2	0.323
8	3	3_p02_D06	D6	0	2	0.33
8	3	3_p02_E06	E6	0	2	0.361
8	3	3_p02_F06	F6	0	2	0.361
8	3	3_p02_G06	G6	0	2	0.31
8	3	3_p02_H06	H6	0	2	0.333
8	3	3_p02_A07	A7	0	2	0.325
8	3	3_p02_B07	B7	0	2	0.28
8	3	3_p02_C07	C7	0	2	0.285
8	3	3_p02_D07	D7	0	2	0.271
8	3	3_p02_E07	E7	0	2	0.333
8	3	3_p02_F07	F7	0	2	0.326
8	3	3_p02_G07	G7	0	2	0.285
8	3	3_p02_H07	H7	0	2	0.352
8	3	3_p02_A08	A8	0	2	0.319
8	3	3_p02_B08	B8	0	2	0.287
8	3	3_p02_C08	C8	0	2	0.309
8	3	3_p02_D08	D8	0	2	0.302
8	3	3_p02_E08	E8	0	2	0.321
8	3	3_p02_F08	F8	0	2	0.321
8	3	3_p02_G08	G8	0	2	0.282
8	3	3_p02_H08	H8	0	2	0.329
8	3	3_p02_A09	A9	0	2	0.39
8	3	3_p02_B09	B9	0	2	0.364
8	3	3_p02_C09	C9	0	2	0.308
8	3	3_p02_D09	D9	0	2	0.314
8	3	3_p02_E09	E9	0	2	0.33
8	3	3_p02_F09	F9	0	2	0.313
8	3	3_p02_G09	G9	0	2	0.278
8	3	3_p02_H09	H9	0	2	0.269
8	3	3_p02_A10	A10	0	2	0.396
8	3	3_p02_B10	B10	0	2	0.351
8	3	3_p02_C10	C10	0	2	0.306
8	3	3_p02_D10	D10	0	2	0.311
8	3	3_p02_E10	E10	0	2	0.306
8	3	3_p02_F10	F10	0	2	0.281
8	3	3_p02_G10	G10	0	2	0.277
8	3	3_p02_H10	H10	0	2	0.262
8	3	3_p02_A11	A11	0	2	0.375
8	3	3_p02_B11	B11	0	2	0.358
8	3	3_p02_C11	C11	0	2	0.298
8	3	3_p02_D11	D11	0	2	0.319
8	3	3_p02_E11	E11	0	2	0.32
8	3	3_p02_F11	F11	0	2	0.311
8	3	3_p02_G11	G11	0	2	0.266
8	3	3_p02_H11	H11	0	2	0.226
8	3	3_p02_A12	A12	0	2	0.384
8	3	3_p02_B12	B12	0	2	0.346
8	3	3_p02_C12	C12	0	2	0.328
8	3	3_p02_D12	D12	0	2	0.31
8	3	3_p02_E12	E12	0	2	0.315
8	3	3_p02_F12	F12	0	2	0.315
8	3	3_p02_G12	G12	0	2	0.251
8	3	3_p02_H12	H12	0	2	0.327
1	4	4_p09_A01	A1	0	1	0.042
1	4	4_p09_B01	B1	0	1	0.040
1	4	4_p09_C01	C1	0	1	1.128
1	4	4_p09_D01	D1	0	1	0.876
1	4	4_p09_E01	E1	0	1	0.935
1	4	4_p09_F01	F1	0	1	0.921
1	4	4_p09_G01	G1	0	1	0.041
1	4	4_p09_H01	H1	0	1	0.810
1	4	4_p09_A02	A2	0	1	0.040
1	4	4_p09_B02	B2	0	1	0.042
1	4	4_p09_C02	C2	0	1	0.900
1	4	4_p09_D02	D2	0	1	0.635
1	4	4_p09_E02	E2	0	1	0.826
1	4	4_p09_F02	F2	0	1	0.930
1	4	4_p09_G02	G2	0	1	0.041
1	4	4_p09_H02	H2	0	1	0.878
1	4	4_p09_A03	A3	0	1	0.043
1	4	4_p09_B03	B3	0	1	0.043
1	4	4_p09_C03	C3	0	1	0.794
1	4	4_p09_D03	D3	0	1	0.833
1	4	4_p09_E03	E3	0	1	0.942
1	4	4_p09_F03	F3	0	1	0.906
1	4	4_p09_G03	G3	0	1	0.043
1	4	4_p09_H03	H3	0	1	0.537
1	4	4_p09_A04	A4	0	1	0.044
1	4	4_p09_B04	B4	0	1	0.044
1	4	4_p09_C04	C4	0	1	0.937
1	4	4_p09_D04	D4	0	1	0.791
1	4	4_p09_E04	E4	0	1	0.954
1	4	4_p09_F04	F4	0	1	0.933
1	4	4_p09_G04	G4	0	1	0.040
1	4	4_p09_H04	H4	0	1	0.464
1	4	4_p09_A05	A5	0	1	1.030
1	4	4_p09_B05	B5	0	1	1.022
1	4	4_p09_C05	C5	0	1	1.012
1	4	4_p09_D05	D5	0	1	1.032
1	4	4_p09_E05	E5	0	1	0.934
1	4	4_p09_F05	F5	0	1	0.933
1	4	4_p09_G05	G5	0	1	0.041
1	4	4_p09_H05	H5	0	1	0.736
1	4	4_p09_A06	A6	0	1	1.047
1	4	4_p09_B06	B6	0	1	0.981
1	4	4_p09_C06	C6	0	1	0.924
1	4	4_p09_D06	D6	0	1	0.994
1	4	4_p09_E06	E6	0	1	1.026
1	4	4_p09_F06	F6	0	1	0.955
1	4	4_p09_G06	G6	0	1	0.041
1	4	4_p09_H06	H6	0	1	0.723
1	4	4_p09_A07	A7	0	1	1.015
1	4	4_p09_B07	B7	0	1	1.033
1	4	4_p09_C07	C7	0	1	0.953
1	4	4_p09_D07	D7	0	1	0.943
1	4	4_p09_E07	E7	0	1	0.983
1	4	4_p09_F07	F7	0	1	0.895
1	4	4_p09_G07	G7	0	1	0.042
1	4	4_p09_H07	H7	0	1	0.746
1	4	4_p09_A08	A8	0	1	1.103
1	4	4_p09_B08	B8	0	1	0.955
1	4	4_p09_C08	C8	0	1	0.881
1	4	4_p09_D08	D8	0	1	0.976
1	4	4_p09_E08	E8	0	1	0.934
1	4	4_p09_F08	F8	0	1	0.894
1	4	4_p09_G08	G8	0	1	0.043
1	4	4_p09_H08	H8	0	1	0.717
1	4	4_p09_A09	A9	0	1	0.917
1	4	4_p09_B09	B9	0	1	0.868
1	4	4_p09_C09	C9	0	1	0.836
1	4	4_p09_D09	D9	0	1	0.820
1	4	4_p09_E09	E9	0	1	0.959
1	4	4_p09_F09	F9	0	1	0.847
1	4	4_p09_G09	G9	0	1	0.042
1	4	4_p09_H09	H9	0	1	0.713
1	4	4_p09_A10	A10	0	1	1.007
1	4	4_p09_B10	B10	0	1	0.858
1	4	4_p09_C10	C10	0	1	0.897
1	4	4_p09_D10	D10	0	1	0.826
1	4	4_p09_E10	E10	0	1	0.919
1	4	4_p09_F10	F10	0	1	0.837
1	4	4_p09_G10	G10	0	1	0.044
1	4	4_p09_H10	H10	0	1	0.701
1	4	4_p09_A11	A11	0	1	1.013
1	4	4_p09_B11	B11	0	1	0.841
1	4	4_p09_C11	C11	0	1	0.868
1	4	4_p09_D11	D11	0	1	0.823
1	4	4_p09_E11	E11	0	1	1.029
1	4	4_p09_F11	F11	0	1	0.896
1	4	4_p09_G11	G11	0	1	0.043
1	4	4_p09_H11	H11	0	1	0.575
1	4	4_p09_A12	A12	0	1	0.853
1	4	4_p09_B12	B12	0	1	0.948
1	4	4_p09_C12	C12	0	1	0.854
1	4	4_p09_D12	D12	0	1	0.891
1	4	4_p09_E12	E12	0	1	0.965
1	4	4_p09_F12	F12	0	1	0.850
1	4	4_p09_G12	G12	0	1	0.044
1	4	4_p09_H12	H12	0	1	0.577
1	4	4_p10_A01	A1	0	2	0.042
1	4	4_p10_B01	B1	0	2	0.042
1	4	4_p10_C01	C1	0	2	1.113
1	4	4_p10_D01	D1	0	2	0.941
1	4	4_p10_E01	E1	0	2	0.874
1	4	4_p10_F01	F1	0	2	0.870
1	4	4_p10_G01	G1	0	2	0.040
1	4	4_p10_H01	H1	0	2	0.039
1	4	4_p10_A02	A2	0	2	0.040
1	4	4_p10_B02	B2	0	2	0.042
1	4	4_p10_C02	C2	0	2	1.506
1	4	4_p10_D02	D2	0	2	1.013
1	4	4_p10_E02	E2	0	2	0.788
1	4	4_p10_F02	F2	0	2	0.810
1	4	4_p10_G02	G2	0	2	0.042
1	4	4_p10_H02	H2	0	2	0.041
1	4	4_p10_A03	A3	0	2	0.040
1	4	4_p10_B03	B3	0	2	0.039
1	4	4_p10_C03	C3	0	2	0.906
1	4	4_p10_D03	D3	0	2	0.740
1	4	4_p10_E03	E3	0	2	0.809
1	4	4_p10_F03	F3	0	2	0.665
1	4	4_p10_G03	G3	0	2	0.043
1	4	4_p10_H03	H3	0	2	0.043
1	4	4_p10_A04	A4	0	2	0.041
1	4	4_p10_B04	B4	0	2	0.044
1	4	4_p10_C04	C4	0	2	1.014
1	4	4_p10_D04	D4	0	2	0.899
1	4	4_p10_E04	E4	0	2	0.842
1	4	4_p10_F04	F4	0	2	0.888
1	4	4_p10_G04	G4	0	2	0.040
1	4	4_p10_H04	H4	0	2	0.041
1	4	4_p10_A05	A5	0	2	0.896
1	4	4_p10_B05	B5	0	2	0.961
1	4	4_p10_C05	C5	0	2	0.911
1	4	4_p10_D05	D5	0	2	0.848
1	4	4_p10_E05	E5	0	2	0.876
1	4	4_p10_F05	F5	0	2	0.988
1	4	4_p10_G05	G5	0	2	0.043
1	4	4_p10_H05	H5	0	2	0.041
1	4	4_p10_A06	A6	0	2	0.978
1	4	4_p10_B06	B6	0	2	0.909
1	4	4_p10_C06	C6	0	2	0.967
1	4	4_p10_D06	D6	0	2	0.824
1	4	4_p10_E06	E6	0	2	0.907
1	4	4_p10_F06	F6	0	2	0.969
1	4	4_p10_G06	G6	0	2	0.040
1	4	4_p10_H06	H6	0	2	0.041
1	4	4_p10_A07	A7	0	2	0.872
1	4	4_p10_B07	B7	0	2	0.896
1	4	4_p10_C07	C7	0	2	0.944
1	4	4_p10_D07	D7	0	2	0.787
1	4	4_p10_E07	E7	0	2	0.876
1	4	4_p10_F07	F7	0	2	0.844
1	4	4_p10_G07	G7	0	2	0.042
1	4	4_p10_H07	H7	0	2	0.043
1	4	4_p10_A08	A8	0	2	0.907
1	4	4_p10_B08	B8	0	2	0.883
1	4	4_p10_C08	C8	0	2	0.858
1	4	4_p10_D08	D8	0	2	0.673
1	4	4_p10_E08	E8	0	2	0.750
1	4	4_p10_F08	F8	0	2	0.781
1	4	4_p10_G08	G8	0	2	0.041
1	4	4_p10_H08	H8	0	2	0.040
1	4	4_p10_A09	A9	0	2	0.872
1	4	4_p10_B09	B9	0	2	0.806
1	4	4_p10_C09	C9	0	2	0.567
1	4	4_p10_D09	D9	0	2	0.615
1	4	4_p10_E09	E9	0	2	1.092
1	4	4_p10_F09	F9	0	2	0.891
1	4	4_p10_G09	G9	0	2	0.039
1	4	4_p10_H09	H9	0	2	0.040
1	4	4_p10_A10	A10	0	2	0.901
1	4	4_p10_B10	B10	0	2	0.882
1	4	4_p10_C10	C10	0	2	0.705
1	4	4_p10_D10	D10	0	2	0.673
1	4	4_p10_E10	E10	0	2	0.813
1	4	4_p10_F10	F10	0	2	0.931
1	4	4_p10_G10	G10	0	2	0.039
1	4	4_p10_H10	H10	0	2	0.039
1	4	4_p10_A11	A11	0	2	0.756
1	4	4_p10_B11	B11	0	2	0.720
1	4	4_p10_C11	C11	0	2	0.624
1	4	4_p10_D11	D11	0	2	0.574
1	4	4_p10_E11	E11	0	2	0.881
1	4	4_p10_F11	F11	0	2	0.764
1	4	4_p10_G11	G11	0	2	0.041
1	4	4_p10_H11	H11	0	2	0.041
1	4	4_p10_A12	A12	0	2	0.807
1	4	4_p10_B12	B12	0	2	0.807
1	4	4_p10_C12	C12	0	2	0.882
1	4	4_p10_D12	D12	0	2	0.556
1	4	4_p10_E12	E12	0	2	0.862
1	4	4_p10_F12	F12	0	2	1.031
1	4	4_p10_G12	G12	0	2	0.039
1	4	4_p10_H12	H12	0	2	0.039
3	4	4_p09_A01	A1	0	1	0.039
3	4	4_p09_B01	B1	0	1	0.044
3	4	4_p09_C01	C1	0	1	0.353
3	4	4_p09_D01	D1	0	1	0.331
3	4	4_p09_E01	E1	0	1	0.317
3	4	4_p09_F01	F1	0	1	0.303
3	4	4_p09_G01	G1	0	1	0.040
3	4	4_p09_H01	H1	0	1	0.290
3	4	4_p09_A02	A2	0	1	0.041
3	4	4_p09_B02	B2	0	1	0.042
3	4	4_p09_C02	C2	0	1	0.335
3	4	4_p09_D02	D2	0	1	0.315
3	4	4_p09_E02	E2	0	1	0.293
3	4	4_p09_F02	F2	0	1	0.280
3	4	4_p09_G02	G2	0	1	0.042
3	4	4_p09_H02	H2	0	1	0.289
3	4	4_p09_A03	A3	0	1	0.041
3	4	4_p09_B03	B3	0	1	0.041
3	4	4_p09_C03	C3	0	1	0.345
3	4	4_p09_D03	D3	0	1	0.330
3	4	4_p09_E03	E3	0	1	0.293
3	4	4_p09_F03	F3	0	1	0.289
3	4	4_p09_G03	G3	0	1	0.042
3	4	4_p09_H03	H3	0	1	0.285
3	4	4_p09_A04	A4	0	1	0.042
3	4	4_p09_B04	B4	0	1	0.043
3	4	4_p09_C04	C4	0	1	0.302
3	4	4_p09_D04	D4	0	1	0.283
3	4	4_p09_E04	E4	0	1	0.286
3	4	4_p09_F04	F4	0	1	0.305
3	4	4_p09_G04	G4	0	1	0.039
3	4	4_p09_H04	H4	0	1	0.297
3	4	4_p09_A05	A5	0	1	0.348
3	4	4_p09_B05	B5	0	1	0.299
3	4	4_p09_C05	C5	0	1	0.306
3	4	4_p09_D05	D5	0	1	0.288
3	4	4_p09_E05	E5	0	1	0.326
3	4	4_p09_F05	F5	0	1	0.281
3	4	4_p09_G05	G5	0	1	0.042
3	4	4_p09_H05	H5	0	1	0.266
3	4	4_p09_A06	A6	0	1	0.313
3	4	4_p09_B06	B6	0	1	0.285
3	4	4_p09_C06	C6	0	1	0.287
3	4	4_p09_D06	D6	0	1	0.291
3	4	4_p09_E06	E6	0	1	0.285
3	4	4_p09_F06	F6	0	1	0.284
3	4	4_p09_G06	G6	0	1	0.041
3	4	4_p09_H06	H6	0	1	0.279
3	4	4_p09_A07	A7	0	1	0.312
3	4	4_p09_B07	B7	0	1	0.302
3	4	4_p09_C07	C7	0	1	0.299
3	4	4_p09_D07	D7	0	1	0.283
3	4	4_p09_E07	E7	0	1	0.312
3	4	4_p09_F07	F7	0	1	0.310
3	4	4_p09_G07	G7	0	1	0.042
3	4	4_p09_H07	H7	0	1	0.269
3	4	4_p09_A08	A8	0	1	0.313
3	4	4_p09_B08	B8	0	1	0.279
3	4	4_p09_C08	C8	0	1	0.298
3	4	4_p09_D08	D8	0	1	0.292
3	4	4_p09_E08	E8	0	1	0.315
3	4	4_p09_F08	F8	0	1	0.303
3	4	4_p09_G08	G8	0	1	0.046
3	4	4_p09_H08	H8	0	1	0.275
3	4	4_p09_A09	A9	0	1	0.376
3	4	4_p09_B09	B9	0	1	0.352
3	4	4_p09_C09	C9	0	1	0.366
3	4	4_p09_D09	D9	0	1	0.352
3	4	4_p09_E09	E9	0	1	0.368
3	4	4_p09_F09	F9	0	1	0.346
3	4	4_p09_G09	G9	0	1	0.045
3	4	4_p09_H09	H9	0	1	0.254
3	4	4_p09_A10	A10	0	1	0.344
3	4	4_p09_B10	B10	0	1	0.327
3	4	4_p09_C10	C10	0	1	0.330
3	4	4_p09_D10	D10	0	1	0.334
3	4	4_p09_E10	E10	0	1	0.345
3	4	4_p09_F10	F10	0	1	0.316
3	4	4_p09_G10	G10	0	1	0.045
3	4	4_p09_H10	H10	0	1	0.264
3	4	4_p09_A11	A11	0	1	0.358
3	4	4_p09_B11	B11	0	1	0.348
3	4	4_p09_C11	C11	0	1	0.373
3	4	4_p09_D11	D11	0	1	0.352
3	4	4_p09_E11	E11	0	1	0.380
3	4	4_p09_F11	F11	0	1	0.350
3	4	4_p09_G11	G11	0	1	0.046
3	4	4_p09_H11	H11	0	1	0.276
3	4	4_p09_A12	A12	0	1	0.322
3	4	4_p09_B12	B12	0	1	0.310
3	4	4_p09_C12	C12	0	1	0.321
3	4	4_p09_D12	D12	0	1	0.325
3	4	4_p09_E12	E12	0	1	0.334
3	4	4_p09_F12	F12	0	1	0.317
3	4	4_p09_G12	G12	0	1	0.047
3	4	4_p09_H12	H12	0	1	0.276
3	4	4_p10_A01	A1	0	2	0.038
3	4	4_p10_B01	B1	0	2	0.041
3	4	4_p10_C01	C1	0	2	0.357
3	4	4_p10_D01	D1	0	2	0.410
3	4	4_p10_E01	E1	0	2	0.378
3	4	4_p10_F01	F1	0	2	0.330
3	4	4_p10_G01	G1	0	2	0.040
3	4	4_p10_H01	H1	0	2	0.039
3	4	4_p10_A02	A2	0	2	0.040
3	4	4_p10_B02	B2	0	2	0.040
3	4	4_p10_C02	C2	0	2	0.335
3	4	4_p10_D02	D2	0	2	0.329
3	4	4_p10_E02	E2	0	2	0.330
3	4	4_p10_F02	F2	0	2	0.328
3	4	4_p10_G02	G2	0	2	0.039
3	4	4_p10_H02	H2	0	2	0.041
3	4	4_p10_A03	A3	0	2	0.041
3	4	4_p10_B03	B3	0	2	0.041
3	4	4_p10_C03	C3	0	2	0.359
3	4	4_p10_D03	D3	0	2	0.353
3	4	4_p10_E03	E3	0	2	0.341
3	4	4_p10_F03	F3	0	2	0.381
3	4	4_p10_G03	G3	0	2	0.040
3	4	4_p10_H03	H3	0	2	0.042
3	4	4_p10_A04	A4	0	2	0.044
3	4	4_p10_B04	B4	0	2	0.043
3	4	4_p10_C04	C4	0	2	0.303
3	4	4_p10_D04	D4	0	2	0.329
3	4	4_p10_E04	E4	0	2	0.311
3	4	4_p10_F04	F4	0	2	0.347
3	4	4_p10_G04	G4	0	2	0.038
3	4	4_p10_H04	H4	0	2	0.040
3	4	4_p10_A05	A5	0	2	0.352
3	4	4_p10_B05	B5	0	2	0.310
3	4	4_p10_C05	C5	0	2	0.321
3	4	4_p10_D05	D5	0	2	0.303
3	4	4_p10_E05	E5	0	2	0.354
3	4	4_p10_F05	F5	0	2	0.307
3	4	4_p10_G05	G5	0	2	0.039
3	4	4_p10_H05	H5	0	2	0.039
3	4	4_p10_A06	A6	0	2	0.315
3	4	4_p10_B06	B6	0	2	0.311
3	4	4_p10_C06	C6	0	2	0.298
3	4	4_p10_D06	D6	0	2	0.303
3	4	4_p10_E06	E6	0	2	0.311
3	4	4_p10_F06	F6	0	2	0.307
3	4	4_p10_G06	G6	0	2	0.038
3	4	4_p10_H06	H6	0	2	0.039
3	4	4_p10_A07	A7	0	2	0.318
3	4	4_p10_B07	B7	0	2	0.309
3	4	4_p10_C07	C7	0	2	0.310
3	4	4_p10_D07	D7	0	2	0.304
3	4	4_p10_E07	E7	0	2	0.330
3	4	4_p10_F07	F7	0	2	0.347
3	4	4_p10_G07	G7	0	2	0.039
3	4	4_p10_H07	H7	0	2	0.039
3	4	4_p10_A08	A8	0	2	0.318
3	4	4_p10_B08	B8	0	2	0.305
3	4	4_p10_C08	C8	0	2	0.307
3	4	4_p10_D08	D8	0	2	0.307
3	4	4_p10_E08	E8	0	2	0.340
3	4	4_p10_F08	F8	0	2	0.352
3	4	4_p10_G08	G8	0	2	0.040
3	4	4_p10_H08	H8	0	2	0.038
3	4	4_p10_A09	A9	0	2	0.388
3	4	4_p10_B09	B9	0	2	0.392
3	4	4_p10_C09	C9	0	2	0.255
3	4	4_p10_D09	D9	0	2	0.374
3	4	4_p10_E09	E9	0	2	0.389
3	4	4_p10_F09	F9	0	2	0.387
3	4	4_p10_G09	G9	0	2	0.040
3	4	4_p10_H09	H9	0	2	0.041
3	4	4_p10_A10	A10	0	2	0.339
3	4	4_p10_B10	B10	0	2	0.333
3	4	4_p10_C10	C10	0	2	0.336
3	4	4_p10_D10	D10	0	2	0.336
3	4	4_p10_E10	E10	0	2	0.362
3	4	4_p10_F10	F10	0	2	0.339
3	4	4_p10_G10	G10	0	2	0.042
3	4	4_p10_H10	H10	0	2	0.039
3	4	4_p10_A11	A11	0	2	0.379
3	4	4_p10_B11	B11	0	2	0.366
3	4	4_p10_C11	C11	0	2	0.218
3	4	4_p10_D11	D11	0	2	0.363
3	4	4_p10_E11	E11	0	2	0.378
3	4	4_p10_F11	F11	0	2	0.372
3	4	4_p10_G11	G11	0	2	0.040
3	4	4_p10_H11	H11	0	2	0.039
3	4	4_p10_A12	A12	0	2	0.328
3	4	4_p10_B12	B12	0	2	0.326
3	4	4_p10_C12	C12	0	2	0.319
3	4	4_p10_D12	D12	0	2	0.282
3	4	4_p10_E12	E12	0	2	0.366
3	4	4_p10_F12	F12	0	2	0.335
3	4	4_p10_G12	G12	0	2	0.040
3	4	4_p10_H12	H12	0	2	0.044
5	4	4_p09_A01	A1	0	1	0.038
5	4	4_p09_B01	B1	0	1	0.04
5	4	4_p09_C01	C1	0	1	0.374
5	4	4_p09_D01	D1	0	1	0.371
5	4	4_p09_E01	E1	0	1	0.353
5	4	4_p09_F01	F1	0	1	0.337
5	4	4_p09_G01	G1	0	1	0.04
5	4	4_p09_H01	H1	0	1	0.29
5	4	4_p09_A02	A2	0	1	0.041
5	4	4_p09_B02	B2	0	1	0.039
5	4	4_p09_C02	C2	0	1	0.346
5	4	4_p09_D02	D2	0	1	0.33
5	4	4_p09_E02	E2	0	1	0.307
5	4	4_p09_F02	F2	0	1	0.306
5	4	4_p09_G02	G2	0	1	0.039
5	4	4_p09_H02	H2	0	1	0.295
5	4	4_p09_A03	A3	0	1	0.038
5	4	4_p09_B03	B3	0	1	0.038
5	4	4_p09_C03	C3	0	1	0.383
5	4	4_p09_D03	D3	0	1	0.383
5	4	4_p09_E03	E3	0	1	0.308
5	4	4_p09_F03	F3	0	1	0.311
5	4	4_p09_G03	G3	0	1	0.04
5	4	4_p09_H03	H3	0	1	0.331
5	4	4_p09_A04	A4	0	1	0.039
5	4	4_p09_B04	B4	0	1	0.039
5	4	4_p09_C04	C4	0	1	0.344
5	4	4_p09_D04	D4	0	1	0.344
5	4	4_p09_E04	E4	0	1	0.299
5	4	4_p09_F04	F4	0	1	0.326
5	4	4_p09_G04	G4	0	1	0.039
5	4	4_p09_H04	H4	0	1	0.33
5	4	4_p09_A05	A5	0	1	0.355
5	4	4_p09_B05	B5	0	1	0.322
5	4	4_p09_C05	C5	0	1	0.336
5	4	4_p09_D05	D5	0	1	0.305
5	4	4_p09_E05	E5	0	1	0.358
5	4	4_p09_F05	F5	0	1	0.302
5	4	4_p09_G05	G5	0	1	0.039
5	4	4_p09_H05	H5	0	1	0.269
5	4	4_p09_A06	A6	0	1	0.317
5	4	4_p09_B06	B6	0	1	0.316
5	4	4_p09_C06	C6	0	1	0.302
5	4	4_p09_D06	D6	0	1	0.294
5	4	4_p09_E06	E6	0	1	0.318
5	4	4_p09_F06	F6	0	1	0.305
5	4	4_p09_G06	G6	0	1	0.04
5	4	4_p09_H06	H6	0	1	0.278
5	4	4_p09_A07	A7	0	1	0.319
5	4	4_p09_B07	B7	0	1	0.315
5	4	4_p09_C07	C7	0	1	0.315
5	4	4_p09_D07	D7	0	1	0.267
5	4	4_p09_E07	E7	0	1	0.327
5	4	4_p09_F07	F7	0	1	0.332
5	4	4_p09_G07	G7	0	1	0.039
5	4	4_p09_H07	H7	0	1	0.273
5	4	4_p09_A08	A8	0	1	0.316
5	4	4_p09_B08	B8	0	1	0.3
5	4	4_p09_C08	C8	0	1	0.305
5	4	4_p09_D08	D8	0	1	0.301
5	4	4_p09_E08	E8	0	1	0.325
5	4	4_p09_F08	F8	0	1	0.326
5	4	4_p09_G08	G8	0	1	0.042
5	4	4_p09_H08	H8	0	1	0.273
5	4	4_p09_A09	A9	0	1	0.389
5	4	4_p09_B09	B9	0	1	0.382
5	4	4_p09_C09	C9	0	1	0.39
5	4	4_p09_D09	D9	0	1	0.375
5	4	4_p09_E09	E9	0	1	0.388
5	4	4_p09_F09	F9	0	1	0.372
5	4	4_p09_G09	G9	0	1	0.041
5	4	4_p09_H09	H9	0	1	0.283
5	4	4_p09_A10	A10	0	1	0.347
5	4	4_p09_B10	B10	0	1	0.348
5	4	4_p09_C10	C10	0	1	0.35
5	4	4_p09_D10	D10	0	1	0.341
5	4	4_p09_E10	E10	0	1	0.357
5	4	4_p09_F10	F10	0	1	0.341
5	4	4_p09_G10	G10	0	1	0.04
5	4	4_p09_H10	H10	0	1	0.291
5	4	4_p09_A11	A11	0	1	0.38
5	4	4_p09_B11	B11	0	1	0.375
5	4	4_p09_C11	C11	0	1	0.398
5	4	4_p09_D11	D11	0	1	0.369
5	4	4_p09_E11	E11	0	1	0.388
5	4	4_p09_F11	F11	0	1	0.362
5	4	4_p09_G11	G11	0	1	0.04
5	4	4_p09_H11	H11	0	1	0.265
5	4	4_p09_A12	A12	0	1	0.345
5	4	4_p09_B12	B12	0	1	0.37
5	4	4_p09_C12	C12	0	1	0.327
5	4	4_p09_D12	D12	0	1	0.336
5	4	4_p09_E12	E12	0	1	0.343
5	4	4_p09_F12	F12	0	1	0.331
5	4	4_p09_G12	G12	0	1	0.04
5	4	4_p09_H12	H12	0	1	0.275
5	4	4_p10_A01	A1	0	2	0.039
5	4	4_p10_B01	B1	0	2	0.037
5	4	4_p10_C01	C1	0	2	0.36
5	4	4_p10_D01	D1	0	2	0.36
5	4	4_p10_E01	E1	0	2	0.373
5	4	4_p10_F01	F1	0	2	0.331
5	4	4_p10_G01	G1	0	2	0.04
5	4	4_p10_H01	H1	0	2	0.037
5	4	4_p10_A02	A2	0	2	0.039
5	4	4_p10_B02	B2	0	2	0.039
5	4	4_p10_C02	C2	0	2	0.321
5	4	4_p10_D02	D2	0	2	0.335
5	4	4_p10_E02	E2	0	2	0.322
5	4	4_p10_F02	F2	0	2	0.315
5	4	4_p10_G02	G2	0	2	0.04
5	4	4_p10_H02	H2	0	2	0.038
5	4	4_p10_A03	A3	0	2	0.042
5	4	4_p10_B03	B3	0	2	0.042
5	4	4_p10_C03	C3	0	2	0.351
5	4	4_p10_D03	D3	0	2	0.373
5	4	4_p10_E03	E3	0	2	0.335
5	4	4_p10_F03	F3	0	2	0.385
5	4	4_p10_G03	G3	0	2	0.039
5	4	4_p10_H03	H3	0	2	0.038
5	4	4_p10_A04	A4	0	2	0.044
5	4	4_p10_B04	B4	0	2	0.04
5	4	4_p10_C04	C4	0	2	0.322
5	4	4_p10_D04	D4	0	2	0.325
5	4	4_p10_E04	E4	0	2	0.299
5	4	4_p10_F04	F4	0	2	0.351
5	4	4_p10_G04	G4	0	2	0.039
5	4	4_p10_H04	H4	0	2	0.039
5	4	4_p10_A05	A5	0	2	0.345
5	4	4_p10_B05	B5	0	2	0.305
5	4	4_p10_C05	C5	0	2	0.331
5	4	4_p10_D05	D5	0	2	0.293
5	4	4_p10_E05	E5	0	2	0.332
5	4	4_p10_F05	F5	0	2	0.304
5	4	4_p10_G05	G5	0	2	0.039
5	4	4_p10_H05	H5	0	2	0.039
5	4	4_p10_A06	A6	0	2	0.302
5	4	4_p10_B06	B6	0	2	0.306
5	4	4_p10_C06	C6	0	2	0.297
5	4	4_p10_D06	D6	0	2	0.298
5	4	4_p10_E06	E6	0	2	0.309
5	4	4_p10_F06	F6	0	2	0.299
5	4	4_p10_G06	G6	0	2	0.039
5	4	4_p10_H06	H6	0	2	0.04
5	4	4_p10_A07	A7	0	2	0.301
5	4	4_p10_B07	B7	0	2	0.313
5	4	4_p10_C07	C7	0	2	0.302
5	4	4_p10_D07	D7	0	2	0.295
5	4	4_p10_E07	E7	0	2	0.318
5	4	4_p10_F07	F7	0	2	0.329
5	4	4_p10_G07	G7	0	2	0.04
5	4	4_p10_H07	H7	0	2	0.039
5	4	4_p10_A08	A8	0	2	0.308
5	4	4_p10_B08	B8	0	2	0.301
5	4	4_p10_C08	C8	0	2	0.299
5	4	4_p10_D08	D8	0	2	0.283
5	4	4_p10_E08	E8	0	2	0.309
5	4	4_p10_F08	F8	0	2	0.332
5	4	4_p10_G08	G8	0	2	0.04
5	4	4_p10_H08	H8	0	2	0.039
5	4	4_p10_A09	A9	0	2	0.368
5	4	4_p10_B09	B9	0	2	0.366
5	4	4_p10_C09	C9	0	2	0.257
5	4	4_p10_D09	D9	0	2	0.373
5	4	4_p10_E09	E9	0	2	0.389
5	4	4_p10_F09	F9	0	2	0.371
5	4	4_p10_G09	G9	0	2	0.04
5	4	4_p10_H09	H9	0	2	0.04
5	4	4_p10_A10	A10	0	2	0.335
5	4	4_p10_B10	B10	0	2	0.337
5	4	4_p10_C10	C10	0	2	0.331
5	4	4_p10_D10	D10	0	2	0.317
5	4	4_p10_E10	E10	0	2	0.329
5	4	4_p10_F10	F10	0	2	0.34
5	4	4_p10_G10	G10	0	2	0.041
5	4	4_p10_H10	H10	0	2	0.04
5	4	4_p10_A11	A11	0	2	0.364
5	4	4_p10_B11	B11	0	2	0.352
5	4	4_p10_C11	C11	0	2	0.223
5	4	4_p10_D11	D11	0	2	0.343
5	4	4_p10_E11	E11	0	2	0.356
5	4	4_p10_F11	F11	0	2	0.372
5	4	4_p10_G11	G11	0	2	0.04
5	4	4_p10_H11	H11	0	2	0.039
5	4	4_p10_A12	A12	0	2	0.321
5	4	4_p10_B12	B12	0	2	0.333
5	4	4_p10_C12	C12	0	2	0.317
5	4	4_p10_D12	D12	0	2	0.266
5	4	4_p10_E12	E12	0	2	0.319
5	4	4_p10_F12	F12	0	2	0.326
5	4	4_p10_G12	G12	0	2	0.042
5	4	4_p10_H12	H12	0	2	0.041
7	4	4_p09_A01	A1	0	1	0.038
7	4	4_p09_B01	B1	0	1	0.042
7	4	4_p09_C01	C1	0	1	0.343
7	4	4_p09_D01	D1	0	1	0.342
7	4	4_p09_E01	E1	0	1	0.339
7	4	4_p09_F01	F1	0	1	0.322
7	4	4_p09_G01	G1	0	1	0.047
7	4	4_p09_H01	H1	0	1	0.278
7	4	4_p09_A02	A2	0	1	0.041
7	4	4_p09_B02	B2	0	1	0.041
7	4	4_p09_C02	C2	0	1	0.315
7	4	4_p09_D02	D2	0	1	0.304
7	4	4_p09_E02	E2	0	1	0.278
7	4	4_p09_F02	F2	0	1	0.283
7	4	4_p09_G02	G2	0	1	0.041
7	4	4_p09_H02	H2	0	1	0.275
7	4	4_p09_A03	A3	0	1	0.039
7	4	4_p09_B03	B3	0	1	0.04
7	4	4_p09_C03	C3	0	1	0.362
7	4	4_p09_D03	D3	0	1	0.347
7	4	4_p09_E03	E3	0	1	0.28
7	4	4_p09_F03	F3	0	1	0.285
7	4	4_p09_G03	G3	0	1	0.042
7	4	4_p09_H03	H3	0	1	0.313
7	4	4_p09_A04	A4	0	1	0.04
7	4	4_p09_B04	B4	0	1	0.041
7	4	4_p09_C04	C4	0	1	0.332
7	4	4_p09_D04	D4	0	1	0.308
7	4	4_p09_E04	E4	0	1	0.279
7	4	4_p09_F04	F4	0	1	0.295
7	4	4_p09_G04	G4	0	1	0.042
7	4	4_p09_H04	H4	0	1	0.313
7	4	4_p09_A05	A5	0	1	0.353
7	4	4_p09_B05	B5	0	1	0.305
7	4	4_p09_C05	C5	0	1	0.335
7	4	4_p09_D05	D5	0	1	0.283
7	4	4_p09_E05	E5	0	1	0.342
7	4	4_p09_F05	F5	0	1	0.28
7	4	4_p09_G05	G5	0	1	0.04
7	4	4_p09_H05	H5	0	1	0.263
7	4	4_p09_A06	A6	0	1	0.298
7	4	4_p09_B06	B6	0	1	0.295
7	4	4_p09_C06	C6	0	1	0.292
7	4	4_p09_D06	D6	0	1	0.279
7	4	4_p09_E06	E6	0	1	0.298
7	4	4_p09_F06	F6	0	1	0.26
7	4	4_p09_G06	G6	0	1	0.041
7	4	4_p09_H06	H6	0	1	0.259
7	4	4_p09_A07	A7	0	1	0.302
7	4	4_p09_B07	B7	0	1	0.308
7	4	4_p09_C07	C7	0	1	0.306
7	4	4_p09_D07	D7	0	1	0.262
7	4	4_p09_E07	E7	0	1	0.313
7	4	4_p09_F07	F7	0	1	0.32
7	4	4_p09_G07	G7	0	1	0.041
7	4	4_p09_H07	H7	0	1	0.249
7	4	4_p09_A08	A8	0	1	0.289
7	4	4_p09_B08	B8	0	1	0.283
7	4	4_p09_C08	C8	0	1	0.296
7	4	4_p09_D08	D8	0	1	0.282
7	4	4_p09_E08	E8	0	1	0.315
7	4	4_p09_F08	F8	0	1	0.313
7	4	4_p09_G08	G8	0	1	0.043
7	4	4_p09_H08	H8	0	1	0.265
7	4	4_p09_A09	A9	0	1	0.356
7	4	4_p09_B09	B9	0	1	0.375
7	4	4_p09_C09	C9	0	1	0.383
7	4	4_p09_D09	D9	0	1	0.335
7	4	4_p09_E09	E9	0	1	0.349
7	4	4_p09_F09	F9	0	1	0.36
7	4	4_p09_G09	G9	0	1	0.043
7	4	4_p09_H09	H9	0	1	0.26
7	4	4_p09_A10	A10	0	1	0.301
7	4	4_p09_B10	B10	0	1	0.323
7	4	4_p09_C10	C10	0	1	0.327
7	4	4_p09_D10	D10	0	1	0.329
7	4	4_p09_E10	E10	0	1	0.343
7	4	4_p09_F10	F10	0	1	0.305
7	4	4_p09_G10	G10	0	1	0.046
7	4	4_p09_H10	H10	0	1	0.251
7	4	4_p09_A11	A11	0	1	0.352
7	4	4_p09_B11	B11	0	1	0.349
7	4	4_p09_C11	C11	0	1	0.365
7	4	4_p09_D11	D11	0	1	0.369
7	4	4_p09_E11	E11	0	1	0.335
7	4	4_p09_F11	F11	0	1	0.332
7	4	4_p09_G11	G11	0	1	0.045
7	4	4_p09_H11	H11	0	1	0.229
7	4	4_p09_A12	A12	0	1	0.296
7	4	4_p09_B12	B12	0	1	0.299
7	4	4_p09_C12	C12	0	1	0.334
7	4	4_p09_D12	D12	0	1	0.3
7	4	4_p09_E12	E12	0	1	0.307
7	4	4_p09_F12	F12	0	1	0.29
7	4	4_p09_G12	G12	0	1	0.04
7	4	4_p09_H12	H12	0	1	0.264
7	4	4_p10_A01	A1	0	2	0.039
7	4	4_p10_B01	B1	0	2	0.042
7	4	4_p10_C01	C1	0	2	0.357
7	4	4_p10_D01	D1	0	2	0.366
7	4	4_p10_E01	E1	0	2	0.37
7	4	4_p10_F01	F1	0	2	0.316
7	4	4_p10_G01	G1	0	2	0.041
7	4	4_p10_H01	H1	0	2	0.04
7	4	4_p10_A02	A2	0	2	0.044
7	4	4_p10_B02	B2	0	2	0.042
7	4	4_p10_C02	C2	0	2	0.334
7	4	4_p10_D02	D2	0	2	0.336
7	4	4_p10_E02	E2	0	2	0.327
7	4	4_p10_F02	F2	0	2	0.306
7	4	4_p10_G02	G2	0	2	0.04
7	4	4_p10_H02	H2	0	2	0.04
7	4	4_p10_A03	A3	0	2	0.04
7	4	4_p10_B03	B3	0	2	0.04
7	4	4_p10_C03	C3	0	2	0.382
7	4	4_p10_D03	D3	0	2	0.376
7	4	4_p10_E03	E3	0	2	0.334
7	4	4_p10_F03	F3	0	2	0.369
7	4	4_p10_G03	G3	0	2	0.04
7	4	4_p10_H03	H3	0	2	0.04
7	4	4_p10_A04	A4	0	2	0.041
7	4	4_p10_B04	B4	0	2	0.042
7	4	4_p10_C04	C4	0	2	0.34
7	4	4_p10_D04	D4	0	2	0.335
7	4	4_p10_E04	E4	0	2	0.288
7	4	4_p10_F04	F4	0	2	0.303
7	4	4_p10_G04	G4	0	2	0.039
7	4	4_p10_H04	H4	0	2	0.04
7	4	4_p10_A05	A5	0	2	0.315
7	4	4_p10_B05	B5	0	2	0.316
7	4	4_p10_C05	C5	0	2	0.345
7	4	4_p10_D05	D5	0	2	0.291
7	4	4_p10_E05	E5	0	2	0.301
7	4	4_p10_F05	F5	0	2	0.286
7	4	4_p10_G05	G5	0	2	0.04
7	4	4_p10_H05	H5	0	2	0.039
7	4	4_p10_A06	A6	0	2	0.304
7	4	4_p10_B06	B6	0	2	0.303
7	4	4_p10_C06	C6	0	2	0.284
7	4	4_p10_D06	D6	0	2	0.288
7	4	4_p10_E06	E6	0	2	0.313
7	4	4_p10_F06	F6	0	2	0.297
7	4	4_p10_G06	G6	0	2	0.039
7	4	4_p10_H06	H6	0	2	0.04
7	4	4_p10_A07	A7	0	2	0.305
7	4	4_p10_B07	B7	0	2	0.293
7	4	4_p10_C07	C7	0	2	0.295
7	4	4_p10_D07	D7	0	2	0.288
7	4	4_p10_E07	E7	0	2	0.305
7	4	4_p10_F07	F7	0	2	0.325
7	4	4_p10_G07	G7	0	2	0.04
7	4	4_p10_H07	H7	0	2	0.04
7	4	4_p10_A08	A8	0	2	0.312
7	4	4_p10_B08	B8	0	2	0.292
7	4	4_p10_C08	C8	0	2	0.286
7	4	4_p10_D08	D8	0	2	0.29
7	4	4_p10_E08	E8	0	2	0.308
7	4	4_p10_F08	F8	0	2	0.332
7	4	4_p10_G08	G8	0	2	0.041
7	4	4_p10_H08	H8	0	2	0.039
7	4	4_p10_A09	A9	0	2	0.377
7	4	4_p10_B09	B9	0	2	0.37
7	4	4_p10_C09	C9	0	2	0.271
7	4	4_p10_D09	D9	0	2	0.376
7	4	4_p10_E09	E9	0	2	0.351
7	4	4_p10_F09	F9	0	2	0.364
7	4	4_p10_G09	G9	0	2	0.041
7	4	4_p10_H09	H9	0	2	0.041
7	4	4_p10_A10	A10	0	2	0.343
7	4	4_p10_B10	B10	0	2	0.333
7	4	4_p10_C10	C10	0	2	0.313
7	4	4_p10_D10	D10	0	2	0.321
7	4	4_p10_E10	E10	0	2	0.318
7	4	4_p10_F10	F10	0	2	0.36
7	4	4_p10_G10	G10	0	2	0.041
7	4	4_p10_H10	H10	0	2	0.04
7	4	4_p10_A11	A11	0	2	0.368
7	4	4_p10_B11	B11	0	2	0.36
7	4	4_p10_C11	C11	0	2	0.232
7	4	4_p10_D11	D11	0	2	0.36
7	4	4_p10_E11	E11	0	2	0.339
7	4	4_p10_F11	F11	0	2	0.363
7	4	4_p10_G11	G11	0	2	0.04
7	4	4_p10_H11	H11	0	2	0.039
7	4	4_p10_A12	A12	0	2	0.319
7	4	4_p10_B12	B12	0	2	0.317
7	4	4_p10_C12	C12	0	2	0.312
7	4	4_p10_D12	D12	0	2	0.272
7	4	4_p10_E12	E12	0	2	0.311
7	4	4_p10_F12	F12	0	2	0.289
7	4	4_p10_G12	G12	0	2	0.039
7	4	4_p10_H12	H12	0	2	0.041
8	4	4_p09_A01	A1	0	1	0.042
8	4	4_p09_B01	B1	0	1	0.041
8	4	4_p09_C01	C1	0	1	0.362
8	4	4_p09_D01	D1	0	1	0.351
8	4	4_p09_E01	E1	0	1	0.314
8	4	4_p09_F01	F1	0	1	0.334
8	4	4_p09_G01	G1	0	1	0.044
8	4	4_p09_H01	H1	0	1	0.291
8	4	4_p09_A02	A2	0	1	0.04
8	4	4_p09_B02	B2	0	1	0.044
8	4	4_p09_C02	C2	0	1	0.327
8	4	4_p09_D02	D2	0	1	0.321
8	4	4_p09_E02	E2	0	1	0.271
8	4	4_p09_F02	F2	0	1	0.291
8	4	4_p09_G02	G2	0	1	0.041
8	4	4_p09_H02	H2	0	1	0.291
8	4	4_p09_A03	A3	0	1	0.042
8	4	4_p09_B03	B3	0	1	0.043
8	4	4_p09_C03	C3	0	1	0.358
8	4	4_p09_D03	D3	0	1	0.37
8	4	4_p09_E03	E3	0	1	0.291
8	4	4_p09_F03	F3	0	1	0.295
8	4	4_p09_G03	G3	0	1	0.041
8	4	4_p09_H03	H3	0	1	0.325
8	4	4_p09_A04	A4	0	1	0.043
8	4	4_p09_B04	B4	0	1	0.043
8	4	4_p09_C04	C4	0	1	0.329
8	4	4_p09_D04	D4	0	1	0.311
8	4	4_p09_E04	E4	0	1	0.287
8	4	4_p09_F04	F4	0	1	0.322
8	4	4_p09_G04	G4	0	1	0.041
8	4	4_p09_H04	H4	0	1	0.321
8	4	4_p09_A05	A5	0	1	0.326
8	4	4_p09_B05	B5	0	1	0.321
8	4	4_p09_C05	C5	0	1	0.331
8	4	4_p09_D05	D5	0	1	0.288
8	4	4_p09_E05	E5	0	1	0.346
8	4	4_p09_F05	F5	0	1	0.291
8	4	4_p09_G05	G5	0	1	0.042
8	4	4_p09_H05	H5	0	1	0.267
8	4	4_p09_A06	A6	0	1	0.295
8	4	4_p09_B06	B6	0	1	0.318
8	4	4_p09_C06	C6	0	1	0.286
8	4	4_p09_D06	D6	0	1	0.285
8	4	4_p09_E06	E6	0	1	0.269
8	4	4_p09_F06	F6	0	1	0.252
8	4	4_p09_G06	G6	0	1	0.042
8	4	4_p09_H06	H6	0	1	0.266
8	4	4_p09_A07	A7	0	1	0.283
8	4	4_p09_B07	B7	0	1	0.333
8	4	4_p09_C07	C7	0	1	0.299
8	4	4_p09_D07	D7	0	1	0.249
8	4	4_p09_E07	E7	0	1	0.306
8	4	4_p09_F07	F7	0	1	0.314
8	4	4_p09_G07	G7	0	1	0.042
8	4	4_p09_H07	H7	0	1	0.267
8	4	4_p09_A08	A8	0	1	0.295
8	4	4_p09_B08	B8	0	1	0.317
8	4	4_p09_C08	C8	0	1	0.287
8	4	4_p09_D08	D8	0	1	0.282
8	4	4_p09_E08	E8	0	1	0.295
8	4	4_p09_F08	F8	0	1	0.311
8	4	4_p09_G08	G8	0	1	0.044
8	4	4_p09_H08	H8	0	1	0.259
8	4	4_p09_A09	A9	0	1	0.36
8	4	4_p09_B09	B9	0	1	0.401
8	4	4_p09_C09	C9	0	1	0.396
8	4	4_p09_D09	D9	0	1	0.374
8	4	4_p09_E09	E9	0	1	0.363
8	4	4_p09_F09	F9	0	1	0.372
8	4	4_p09_G09	G9	0	1	0.044
8	4	4_p09_H09	H9	0	1	0.272
8	4	4_p09_A10	A10	0	1	0.327
8	4	4_p09_B10	B10	0	1	0.358
8	4	4_p09_C10	C10	0	1	0.354
8	4	4_p09_D10	D10	0	1	0.299
8	4	4_p09_E10	E10	0	1	0.323
8	4	4_p09_F10	F10	0	1	0.322
8	4	4_p09_G10	G10	0	1	0.044
8	4	4_p09_H10	H10	0	1	0.278
8	4	4_p09_A11	A11	0	1	0.352
8	4	4_p09_B11	B11	0	1	0.41
8	4	4_p09_C11	C11	0	1	0.373
8	4	4_p09_D11	D11	0	1	0.334
8	4	4_p09_E11	E11	0	1	0.387
8	4	4_p09_F11	F11	0	1	0.374
8	4	4_p09_G11	G11	0	1	0.044
8	4	4_p09_H11	H11	0	1	0.259
8	4	4_p09_A12	A12	0	1	0.303
8	4	4_p09_B12	B12	0	1	0.353
8	4	4_p09_C12	C12	0	1	0.343
8	4	4_p09_D12	D12	0	1	0.317
8	4	4_p09_E12	E12	0	1	0.337
8	4	4_p09_F12	F12	0	1	0.32
8	4	4_p09_G12	G12	0	1	0.043
8	4	4_p09_H12	H12	0	1	0.267
8	4	4_p10_A01	A1	0	2	0.041
8	4	4_p10_B01	B1	0	2	0.042
8	4	4_p10_C01	C1	0	2	0.333
8	4	4_p10_D01	D1	0	2	0.335
8	4	4_p10_E01	E1	0	2	0.406
8	4	4_p10_F01	F1	0	2	0.309
8	4	4_p10_G01	G1	0	2	0.043
8	4	4_p10_H01	H1	0	2	0.04
8	4	4_p10_A02	A2	0	2	0.043
8	4	4_p10_B02	B2	0	2	0.045
8	4	4_p10_C02	C2	0	2	0.311
8	4	4_p10_D02	D2	0	2	0.315
8	4	4_p10_E02	E2	0	2	0.345
8	4	4_p10_F02	F2	0	2	0.309
8	4	4_p10_G02	G2	0	2	0.041
8	4	4_p10_H02	H2	0	2	0.043
8	4	4_p10_A03	A3	0	2	0.042
8	4	4_p10_B03	B3	0	2	0.043
8	4	4_p10_C03	C3	0	2	0.348
8	4	4_p10_D03	D3	0	2	0.352
8	4	4_p10_E03	E3	0	2	0.356
8	4	4_p10_F03	F3	0	2	0.367
8	4	4_p10_G03	G3	0	2	0.04
8	4	4_p10_H03	H3	0	2	0.041
8	4	4_p10_A04	A4	0	2	0.043
8	4	4_p10_B04	B4	0	2	0.043
8	4	4_p10_C04	C4	0	2	0.298
8	4	4_p10_D04	D4	0	2	0.304
8	4	4_p10_E04	E4	0	2	0.321
8	4	4_p10_F04	F4	0	2	0.311
8	4	4_p10_G04	G4	0	2	0.042
8	4	4_p10_H04	H4	0	2	0.041
8	4	4_p10_A05	A5	0	2	0.296
8	4	4_p10_B05	B5	0	2	0.282
8	4	4_p10_C05	C5	0	2	0.321
8	4	4_p10_D05	D5	0	2	0.281
8	4	4_p10_E05	E5	0	2	0.338
8	4	4_p10_F05	F5	0	2	0.285
8	4	4_p10_G05	G5	0	2	0.041
8	4	4_p10_H05	H5	0	2	0.04
8	4	4_p10_A06	A6	0	2	0.273
8	4	4_p10_B06	B6	0	2	0.274
8	4	4_p10_C06	C6	0	2	0.269
8	4	4_p10_D06	D6	0	2	0.277
8	4	4_p10_E06	E6	0	2	0.349
8	4	4_p10_F06	F6	0	2	0.286
8	4	4_p10_G06	G6	0	2	0.043
8	4	4_p10_H06	H6	0	2	0.044
8	4	4_p10_A07	A7	0	2	0.283
8	4	4_p10_B07	B7	0	2	0.279
8	4	4_p10_C07	C7	0	2	0.285
8	4	4_p10_D07	D7	0	2	0.278
8	4	4_p10_E07	E7	0	2	0.339
8	4	4_p10_F07	F7	0	2	0.316
8	4	4_p10_G07	G7	0	2	0.045
8	4	4_p10_H07	H7	0	2	0.044
8	4	4_p10_A08	A8	0	2	0.288
8	4	4_p10_B08	B8	0	2	0.269
8	4	4_p10_C08	C8	0	2	0.275
8	4	4_p10_D08	D8	0	2	0.267
8	4	4_p10_E08	E8	0	2	0.341
8	4	4_p10_F08	F8	0	2	0.312
8	4	4_p10_G08	G8	0	2	0.043
8	4	4_p10_H08	H8	0	2	0.041
8	4	4_p10_A09	A9	0	2	0.354
8	4	4_p10_B09	B9	0	2	0.351
8	4	4_p10_C09	C9	0	2	0.262
8	4	4_p10_D09	D9	0	2	0.361
8	4	4_p10_E09	E9	0	2	0.405
8	4	4_p10_F09	F9	0	2	0.369
8	4	4_p10_G09	G9	0	2	0.042
8	4	4_p10_H09	H9	0	2	0.042
8	4	4_p10_A10	A10	0	2	0.306
8	4	4_p10_B10	B10	0	2	0.315
8	4	4_p10_C10	C10	0	2	0.322
8	4	4_p10_D10	D10	0	2	0.319
8	4	4_p10_E10	E10	0	2	0.359
8	4	4_p10_F10	F10	0	2	0.326
8	4	4_p10_G10	G10	0	2	0.042
8	4	4_p10_H10	H10	0	2	0.042
8	4	4_p10_A11	A11	0	2	0.33
8	4	4_p10_B11	B11	0	2	0.351
8	4	4_p10_C11	C11	0	2	0.243
8	4	4_p10_D11	D11	0	2	0.348
8	4	4_p10_E11	E11	0	2	0.376
8	4	4_p10_F11	F11	0	2	0.366
8	4	4_p10_G11	G11	0	2	0.041
8	4	4_p10_H11	H11	0	2	0.041
8	4	4_p10_A12	A12	0	2	0.293
8	4	4_p10_B12	B12	0	2	0.321
8	4	4_p10_C12	C12	0	2	0.333
8	4	4_p10_D12	D12	0	2	0.262
8	4	4_p10_E12	E12	0	2	0.364
8	4	4_p10_F12	F12	0	2	0.32
8	4	4_p10_G12	G12	0	2	0.041
8	4	4_p10_H12	H12	0	2	0.043
						
						
						
						
						
						
						
						
						
						
						
						
						
						
						
						
						
						
						
						
						
						
						
						
						
						
						
						
						
						
						
						
						
						
						
						
						
						
						
						
						
						
						
						
						
						
						
						
						
						
						
						
						
						
						
						
						
						
						
						
						
						
						
						
						
						
						
						
						
						
						
						
						
						
						
						
						
						
						
						
						
						
						
						
						
						
						
						
						
						
						
						
						
						
						
						
						
						
						
						
						
						
						
						
						
						
						
						
						
						
						
						
						
						
						
						
						
						
						
						
						
						
						
						
						
						
						
						
						
						
						
						
						
						
						
						
						
						
						
						
						
						
						
						
						
						
						
						
						
						
						
						
						
						
						
						
						
						
						
						
						
						
						
						
						
						
						
						
						
						
						
						
						
						
						
						
						
						
						
						
						
						
						
						
						
						
						
						
						
						
						
						
						
						
						
						
						
						
						
						
						
						
						
						
						
						
						
						
						
						
						
						
						
						
						
						
						
						
						
						
						
						
						
						
						
						
						
						
						
						
						
						